0, 101, 2, 303, 4, 505, 6, 707, 8, 909, 10, 1111, 12, 1313, 14, 1515, 16, 1717, 18, 1919, 20, 2121, 22, 2323, 24, 2525, 26, 2727, 28, 2929, 30, 3131, 32, 3333, 34, 3535, 36, 3737, 38, 3939, 40, 4141, 42, 4343, 44, 4545, 46, 4747, 48, 4949, 50, 5151, 52, 5353, 54, 5555, 56, 5757, 58, 5959, 60, 6161, 62, 6363, 64, 6565, 66, 6767, 68, 6969, 70, 7171, 72, 7373, 74, 7575, 76, 7777, 78, 7979, 80, 8181, 82, 8383, 84, 8585, 86, 8787, 88, 8989, 90, 9191, 92, 9393, 94, 9595, 96, 9797, 98, 9999;
0, 204, 4, 612, 8, 1020, 12, 1428, 16, 1836, 20, 2244, 24, 2652, 28, 3060, 32, 3468, 36, 3876, 40, 4284, 44, 4692, 48, 5100, 52, 5508, 56, 5916, 60, 6324, 64, 6732, 68, 7140, 72, 7548, 76, 7956, 80, 8364, 84, 8772, 88, 9180, 92, 9588, 96, 9996, 100, 10404, 104, 10812, 108, 11220, 112, 11628, 116, 12036, 120, 12444, 124, 12852, 128, 13260, 132, 13668, 136, 14076, 140, 14484, 144, 14892, 148, 15300, 152, 15708, 156, 16116, 160, 16524, 164, 16932, 168, 17340, 172, 17748, 176, 18156, 180, 18564, 184, 18972, 188, 19380, 192, 19788, 196, 20196;
0, 309, 6, 927, 12, 1545, 18, 2163, 24, 2781, 30, 3399, 36, 4017, 42, 4635, 48, 5253, 54, 5871, 60, 6489, 66, 7107, 72, 7725, 78, 8343, 84, 8961, 90, 9579, 96, 10197, 102, 10815, 108, 11433, 114, 12051, 120, 12669, 126, 13287, 132, 13905, 138, 14523, 144, 15141, 150, 15759, 156, 16377, 162, 16995, 168, 17613, 174, 18231, 180, 18849, 186, 19467, 192, 20085, 198, 20703, 204, 21321, 210, 21939, 216, 22557, 222, 23175, 228, 23793, 234, 24411, 240, 25029, 246, 25647, 252, 26265, 258, 26883, 264, 27501, 270, 28119, 276, 28737, 282, 29355, 288, 29973, 294, 30591;
0, 416, 8, 1248, 16, 2080, 24, 2912, 32, 3744, 40, 4576, 48, 5408, 56, 6240, 64, 7072, 72, 7904, 80, 8736, 88, 9568, 96, 10400, 104, 11232, 112, 12064, 120, 12896, 128, 13728, 136, 14560, 144, 15392, 152, 16224, 160, 17056, 168, 17888, 176, 18720, 184, 19552, 192, 20384, 200, 21216, 208, 22048, 216, 22880, 224, 23712, 232, 24544, 240, 25376, 248, 26208, 256, 27040, 264, 27872, 272, 28704, 280, 29536, 288, 30368, 296, 31200, 304, 32032, 312, 32864, 320, 33696, 328, 34528, 336, 35360, 344, 36192, 352, 37024, 360, 37856, 368, 38688, 376, 39520, 384, 40352, 392, 41184;
0, 525, 10, 1575, 20, 2625, 30, 3675, 40, 4725, 50, 5775, 60, 6825, 70, 7875, 80, 8925, 90, 9975, 100, 11025, 110, 12075, 120, 13125, 130, 14175, 140, 15225, 150, 16275, 160, 17325, 170, 18375, 180, 19425, 190, 20475, 200, 21525, 210, 22575, 220, 23625, 230, 24675, 240, 25725, 250, 26775, 260, 27825, 270, 28875, 280, 29925, 290, 30975, 300, 32025, 310, 33075, 320, 34125, 330, 35175, 340, 36225, 350, 37275, 360, 38325, 370, 39375, 380, 40425, 390, 41475, 400, 42525, 410, 43575, 420, 44625, 430, 45675, 440, 46725, 450, 47775, 460, 48825, 470, 49875, 480, 50925, 490, 51975;
0, 636, 12, 1908, 24, 3180, 36, 4452, 48, 5724, 60, 6996, 72, 8268, 84, 9540, 96, 10812, 108, 12084, 120, 13356, 132, 14628, 144, 15900, 156, 17172, 168, 18444, 180, 19716, 192, 20988, 204, 22260, 216, 23532, 228, 24804, 240, 26076, 252, 27348, 264, 28620, 276, 29892, 288, 31164, 300, 32436, 312, 33708, 324, 34980, 336, 36252, 348, 37524, 360, 38796, 372, 40068, 384, 41340, 396, 42612, 408, 43884, 420, 45156, 432, 46428, 444, 47700, 456, 48972, 468, 50244, 480, 51516, 492, 52788, 504, 54060, 516, 55332, 528, 56604, 540, 57876, 552, 59148, 564, 60420, 576, 61692, 588, 62964;
0, 749, 14, 2247, 28, 3745, 42, 5243, 56, 6741, 70, 8239, 84, 9737, 98, 11235, 112, 12733, 126, 14231, 140, 15729, 154, 17227, 168, 18725, 182, 20223, 196, 21721, 210, 23219, 224, 24717, 238, 26215, 252, 27713, 266, 29211, 280, 30709, 294, 32207, 308, 33705, 322, 35203, 336, 36701, 350, 38199, 364, 39697, 378, 41195, 392, 42693, 406, 44191, 420, 45689, 434, 47187, 448, 48685, 462, 50183, 476, 51681, 490, 53179, 504, 54677, 518, 56175, 532, 57673, 546, 59171, 560, 60669, 574, 62167, 588, 63665, 602, 65163, 616, 66661, 630, 68159, 644, 69657, 658, 71155, 672, 72653, 686, 74151;
0, 864, 16, 2592, 32, 4320, 48, 6048, 64, 7776, 80, 9504, 96, 11232, 112, 12960, 128, 14688, 144, 16416, 160, 18144, 176, 19872, 192, 21600, 208, 23328, 224, 25056, 240, 26784, 256, 28512, 272, 30240, 288, 31968, 304, 33696, 320, 35424, 336, 37152, 352, 38880, 368, 40608, 384, 42336, 400, 44064, 416, 45792, 432, 47520, 448, 49248, 464, 50976, 480, 52704, 496, 54432, 512, 56160, 528, 57888, 544, 59616, 560, 61344, 576, 63072, 592, 64800, 608, 66528, 624, 68256, 640, 69984, 656, 71712, 672, 73440, 688, 75168, 704, 76896, 720, 78624, 736, 80352, 752, 82080, 768, 83808, 784, 85536;
0, 981, 18, 2943, 36, 4905, 54, 6867, 72, 8829, 90, 10791, 108, 12753, 126, 14715, 144, 16677, 162, 18639, 180, 20601, 198, 22563, 216, 24525, 234, 26487, 252, 28449, 270, 30411, 288, 32373, 306, 34335, 324, 36297, 342, 38259, 360, 40221, 378, 42183, 396, 44145, 414, 46107, 432, 48069, 450, 50031, 468, 51993, 486, 53955, 504, 55917, 522, 57879, 540, 59841, 558, 61803, 576, 63765, 594, 65727, 612, 67689, 630, 69651, 648, 71613, 666, 73575, 684, 75537, 702, 77499, 720, 79461, 738, 81423, 756, 83385, 774, 85347, 792, 87309, 810, 89271, 828, 91233, 846, 93195, 864, 95157, 882, 97119;
0, 1100, 20, 3300, 40, 5500, 60, 7700, 80, 9900, 100, 12100, 120, 14300, 140, 16500, 160, 18700, 180, 20900, 200, 23100, 220, 25300, 240, 27500, 260, 29700, 280, 31900, 300, 34100, 320, 36300, 340, 38500, 360, 40700, 380, 42900, 400, 45100, 420, 47300, 440, 49500, 460, 51700, 480, 53900, 500, 56100, 520, 58300, 540, 60500, 560, 62700, 580, 64900, 600, 67100, 620, 69300, 640, 71500, 660, 73700, 680, 75900, 700, 78100, 720, 80300, 740, 82500, 760, 84700, 780, 86900, 800, 89100, 820, 91300, 840, 93500, 860, 95700, 880, 97900, 900, 100100, 920, 102300, 940, 104500, 960, 106700, 980, 108900;
0, 1221, 22, 3663, 44, 6105, 66, 8547, 88, 10989, 110, 13431, 132, 15873, 154, 18315, 176, 20757, 198, 23199, 220, 25641, 242, 28083, 264, 30525, 286, 32967, 308, 35409, 330, 37851, 352, 40293, 374, 42735, 396, 45177, 418, 47619, 440, 50061, 462, 52503, 484, 54945, 506, 57387, 528, 59829, 550, 62271, 572, 64713, 594, 67155, 616, 69597, 638, 72039, 660, 74481, 682, 76923, 704, 79365, 726, 81807, 748, 84249, 770, 86691, 792, 89133, 814, 91575, 836, 94017, 858, 96459, 880, 98901, 902, 101343, 924, 103785, 946, 106227, 968, 108669, 990, 111111, 1012, 113553, 1034, 115995, 1056, 118437, 1078, 120879;
0, 1344, 24, 4032, 48, 6720, 72, 9408, 96, 12096, 120, 14784, 144, 17472, 168, 20160, 192, 22848, 216, 25536, 240, 28224, 264, 30912, 288, 33600, 312, 36288, 336, 38976, 360, 41664, 384, 44352, 408, 47040, 432, 49728, 456, 52416, 480, 55104, 504, 57792, 528, 60480, 552, 63168, 576, 65856, 600, 68544, 624, 71232, 648, 73920, 672, 76608, 696, 79296, 720, 81984, 744, 84672, 768, 87360, 792, 90048, 816, 92736, 840, 95424, 864, 98112, 888, 100800, 912, 103488, 936, 106176, 960, 108864, 984, 111552, 1008, 114240, 1032, 116928, 1056, 119616, 1080, 122304, 1104, 124992, 1128, 127680, 1152, 130368, 1176, 133056;
0, 1469, 26, 4407, 52, 7345, 78, 10283, 104, 13221, 130, 16159, 156, 19097, 182, 22035, 208, 24973, 234, 27911, 260, 30849, 286, 33787, 312, 36725, 338, 39663, 364, 42601, 390, 45539, 416, 48477, 442, 51415, 468, 54353, 494, 57291, 520, 60229, 546, 63167, 572, 66105, 598, 69043, 624, 71981, 650, 74919, 676, 77857, 702, 80795, 728, 83733, 754, 86671, 780, 89609, 806, 92547, 832, 95485, 858, 98423, 884, 101361, 910, 104299, 936, 107237, 962, 110175, 988, 113113, 1014, 116051, 1040, 118989, 1066, 121927, 1092, 124865, 1118, 127803, 1144, 130741, 1170, 133679, 1196, 136617, 1222, 139555, 1248, 142493, 1274, 145431;
0, 1596, 28, 4788, 56, 7980, 84, 11172, 112, 14364, 140, 17556, 168, 20748, 196, 23940, 224, 27132, 252, 30324, 280, 33516, 308, 36708, 336, 39900, 364, 43092, 392, 46284, 420, 49476, 448, 52668, 476, 55860, 504, 59052, 532, 62244, 560, 65436, 588, 68628, 616, 71820, 644, 75012, 672, 78204, 700, 81396, 728, 84588, 756, 87780, 784, 90972, 812, 94164, 840, 97356, 868, 100548, 896, 103740, 924, 106932, 952, 110124, 980, 113316, 1008, 116508, 1036, 119700, 1064, 122892, 1092, 126084, 1120, 129276, 1148, 132468, 1176, 135660, 1204, 138852, 1232, 142044, 1260, 145236, 1288, 148428, 1316, 151620, 1344, 154812, 1372, 158004;
0, 1725, 30, 5175, 60, 8625, 90, 12075, 120, 15525, 150, 18975, 180, 22425, 210, 25875, 240, 29325, 270, 32775, 300, 36225, 330, 39675, 360, 43125, 390, 46575, 420, 50025, 450, 53475, 480, 56925, 510, 60375, 540, 63825, 570, 67275, 600, 70725, 630, 74175, 660, 77625, 690, 81075, 720, 84525, 750, 87975, 780, 91425, 810, 94875, 840, 98325, 870, 101775, 900, 105225, 930, 108675, 960, 112125, 990, 115575, 1020, 119025, 1050, 122475, 1080, 125925, 1110, 129375, 1140, 132825, 1170, 136275, 1200, 139725, 1230, 143175, 1260, 146625, 1290, 150075, 1320, 153525, 1350, 156975, 1380, 160425, 1410, 163875, 1440, 167325, 1470, 170775;
0, 1856, 32, 5568, 64, 9280, 96, 12992, 128, 16704, 160, 20416, 192, 24128, 224, 27840, 256, 31552, 288, 35264, 320, 38976, 352, 42688, 384, 46400, 416, 50112, 448, 53824, 480, 57536, 512, 61248, 544, 64960, 576, 68672, 608, 72384, 640, 76096, 672, 79808, 704, 83520, 736, 87232, 768, 90944, 800, 94656, 832, 98368, 864, 102080, 896, 105792, 928, 109504, 960, 113216, 992, 116928, 1024, 120640, 1056, 124352, 1088, 128064, 1120, 131776, 1152, 135488, 1184, 139200, 1216, 142912, 1248, 146624, 1280, 150336, 1312, 154048, 1344, 157760, 1376, 161472, 1408, 165184, 1440, 168896, 1472, 172608, 1504, 176320, 1536, 180032, 1568, 183744;
0, 1989, 34, 5967, 68, 9945, 102, 13923, 136, 17901, 170, 21879, 204, 25857, 238, 29835, 272, 33813, 306, 37791, 340, 41769, 374, 45747, 408, 49725, 442, 53703, 476, 57681, 510, 61659, 544, 65637, 578, 69615, 612, 73593, 646, 77571, 680, 81549, 714, 85527, 748, 89505, 782, 93483, 816, 97461, 850, 101439, 884, 105417, 918, 109395, 952, 113373, 986, 117351, 1020, 121329, 1054, 125307, 1088, 129285, 1122, 133263, 1156, 137241, 1190, 141219, 1224, 145197, 1258, 149175, 1292, 153153, 1326, 157131, 1360, 161109, 1394, 165087, 1428, 169065, 1462, 173043, 1496, 177021, 1530, 180999, 1564, 184977, 1598, 188955, 1632, 192933, 1666, 196911;
0, 2124, 36, 6372, 72, 10620, 108, 14868, 144, 19116, 180, 23364, 216, 27612, 252, 31860, 288, 36108, 324, 40356, 360, 44604, 396, 48852, 432, 53100, 468, 57348, 504, 61596, 540, 65844, 576, 70092, 612, 74340, 648, 78588, 684, 82836, 720, 87084, 756, 91332, 792, 95580, 828, 99828, 864, 104076, 900, 108324, 936, 112572, 972, 116820, 1008, 121068, 1044, 125316, 1080, 129564, 1116, 133812, 1152, 138060, 1188, 142308, 1224, 146556, 1260, 150804, 1296, 155052, 1332, 159300, 1368, 163548, 1404, 167796, 1440, 172044, 1476, 176292, 1512, 180540, 1548, 184788, 1584, 189036, 1620, 193284, 1656, 197532, 1692, 201780, 1728, 206028, 1764, 210276;
0, 2261, 38, 6783, 76, 11305, 114, 15827, 152, 20349, 190, 24871, 228, 29393, 266, 33915, 304, 38437, 342, 42959, 380, 47481, 418, 52003, 456, 56525, 494, 61047, 532, 65569, 570, 70091, 608, 74613, 646, 79135, 684, 83657, 722, 88179, 760, 92701, 798, 97223, 836, 101745, 874, 106267, 912, 110789, 950, 115311, 988, 119833, 1026, 124355, 1064, 128877, 1102, 133399, 1140, 137921, 1178, 142443, 1216, 146965, 1254, 151487, 1292, 156009, 1330, 160531, 1368, 165053, 1406, 169575, 1444, 174097, 1482, 178619, 1520, 183141, 1558, 187663, 1596, 192185, 1634, 196707, 1672, 201229, 1710, 205751, 1748, 210273, 1786, 214795, 1824, 219317, 1862, 223839;
0, 2400, 40, 7200, 80, 12000, 120, 16800, 160, 21600, 200, 26400, 240, 31200, 280, 36000, 320, 40800, 360, 45600, 400, 50400, 440, 55200, 480, 60000, 520, 64800, 560, 69600, 600, 74400, 640, 79200, 680, 84000, 720, 88800, 760, 93600, 800, 98400, 840, 103200, 880, 108000, 920, 112800, 960, 117600, 1000, 122400, 1040, 127200, 1080, 132000, 1120, 136800, 1160, 141600, 1200, 146400, 1240, 151200, 1280, 156000, 1320, 160800, 1360, 165600, 1400, 170400, 1440, 175200, 1480, 180000, 1520, 184800, 1560, 189600, 1600, 194400, 1640, 199200, 1680, 204000, 1720, 208800, 1760, 213600, 1800, 218400, 1840, 223200, 1880, 228000, 1920, 232800, 1960, 237600;
0, 2541, 42, 7623, 84, 12705, 126, 17787, 168, 22869, 210, 27951, 252, 33033, 294, 38115, 336, 43197, 378, 48279, 420, 53361, 462, 58443, 504, 63525, 546, 68607, 588, 73689, 630, 78771, 672, 83853, 714, 88935, 756, 94017, 798, 99099, 840, 104181, 882, 109263, 924, 114345, 966, 119427, 1008, 124509, 1050, 129591, 1092, 134673, 1134, 139755, 1176, 144837, 1218, 149919, 1260, 155001, 1302, 160083, 1344, 165165, 1386, 170247, 1428, 175329, 1470, 180411, 1512, 185493, 1554, 190575, 1596, 195657, 1638, 200739, 1680, 205821, 1722, 210903, 1764, 215985, 1806, 221067, 1848, 226149, 1890, 231231, 1932, 236313, 1974, 241395, 2016, 246477, 2058, 251559;
0, 2684, 44, 8052, 88, 13420, 132, 18788, 176, 24156, 220, 29524, 264, 34892, 308, 40260, 352, 45628, 396, 50996, 440, 56364, 484, 61732, 528, 67100, 572, 72468, 616, 77836, 660, 83204, 704, 88572, 748, 93940, 792, 99308, 836, 104676, 880, 110044, 924, 115412, 968, 120780, 1012, 126148, 1056, 131516, 1100, 136884, 1144, 142252, 1188, 147620, 1232, 152988, 1276, 158356, 1320, 163724, 1364, 169092, 1408, 174460, 1452, 179828, 1496, 185196, 1540, 190564, 1584, 195932, 1628, 201300, 1672, 206668, 1716, 212036, 1760, 217404, 1804, 222772, 1848, 228140, 1892, 233508, 1936, 238876, 1980, 244244, 2024, 249612, 2068, 254980, 2112, 260348, 2156, 265716;
0, 2829, 46, 8487, 92, 14145, 138, 19803, 184, 25461, 230, 31119, 276, 36777, 322, 42435, 368, 48093, 414, 53751, 460, 59409, 506, 65067, 552, 70725, 598, 76383, 644, 82041, 690, 87699, 736, 93357, 782, 99015, 828, 104673, 874, 110331, 920, 115989, 966, 121647, 1012, 127305, 1058, 132963, 1104, 138621, 1150, 144279, 1196, 149937, 1242, 155595, 1288, 161253, 1334, 166911, 1380, 172569, 1426, 178227, 1472, 183885, 1518, 189543, 1564, 195201, 1610, 200859, 1656, 206517, 1702, 212175, 1748, 217833, 1794, 223491, 1840, 229149, 1886, 234807, 1932, 240465, 1978, 246123, 2024, 251781, 2070, 257439, 2116, 263097, 2162, 268755, 2208, 274413, 2254, 280071;
0, 2976, 48, 8928, 96, 14880, 144, 20832, 192, 26784, 240, 32736, 288, 38688, 336, 44640, 384, 50592, 432, 56544, 480, 62496, 528, 68448, 576, 74400, 624, 80352, 672, 86304, 720, 92256, 768, 98208, 816, 104160, 864, 110112, 912, 116064, 960, 122016, 1008, 127968, 1056, 133920, 1104, 139872, 1152, 145824, 1200, 151776, 1248, 157728, 1296, 163680, 1344, 169632, 1392, 175584, 1440, 181536, 1488, 187488, 1536, 193440, 1584, 199392, 1632, 205344, 1680, 211296, 1728, 217248, 1776, 223200, 1824, 229152, 1872, 235104, 1920, 241056, 1968, 247008, 2016, 252960, 2064, 258912, 2112, 264864, 2160, 270816, 2208, 276768, 2256, 282720, 2304, 288672, 2352, 294624;
0, 3125, 50, 9375, 100, 15625, 150, 21875, 200, 28125, 250, 34375, 300, 40625, 350, 46875, 400, 53125, 450, 59375, 500, 65625, 550, 71875, 600, 78125, 650, 84375, 700, 90625, 750, 96875, 800, 103125, 850, 109375, 900, 115625, 950, 121875, 1000, 128125, 1050, 134375, 1100, 140625, 1150, 146875, 1200, 153125, 1250, 159375, 1300, 165625, 1350, 171875, 1400, 178125, 1450, 184375, 1500, 190625, 1550, 196875, 1600, 203125, 1650, 209375, 1700, 215625, 1750, 221875, 1800, 228125, 1850, 234375, 1900, 240625, 1950, 246875, 2000, 253125, 2050, 259375, 2100, 265625, 2150, 271875, 2200, 278125, 2250, 284375, 2300, 290625, 2350, 296875, 2400, 303125, 2450, 309375;
0, 3276, 52, 9828, 104, 16380, 156, 22932, 208, 29484, 260, 36036, 312, 42588, 364, 49140, 416, 55692, 468, 62244, 520, 68796, 572, 75348, 624, 81900, 676, 88452, 728, 95004, 780, 101556, 832, 108108, 884, 114660, 936, 121212, 988, 127764, 1040, 134316, 1092, 140868, 1144, 147420, 1196, 153972, 1248, 160524, 1300, 167076, 1352, 173628, 1404, 180180, 1456, 186732, 1508, 193284, 1560, 199836, 1612, 206388, 1664, 212940, 1716, 219492, 1768, 226044, 1820, 232596, 1872, 239148, 1924, 245700, 1976, 252252, 2028, 258804, 2080, 265356, 2132, 271908, 2184, 278460, 2236, 285012, 2288, 291564, 2340, 298116, 2392, 304668, 2444, 311220, 2496, 317772, 2548, 324324;
0, 3429, 54, 10287, 108, 17145, 162, 24003, 216, 30861, 270, 37719, 324, 44577, 378, 51435, 432, 58293, 486, 65151, 540, 72009, 594, 78867, 648, 85725, 702, 92583, 756, 99441, 810, 106299, 864, 113157, 918, 120015, 972, 126873, 1026, 133731, 1080, 140589, 1134, 147447, 1188, 154305, 1242, 161163, 1296, 168021, 1350, 174879, 1404, 181737, 1458, 188595, 1512, 195453, 1566, 202311, 1620, 209169, 1674, 216027, 1728, 222885, 1782, 229743, 1836, 236601, 1890, 243459, 1944, 250317, 1998, 257175, 2052, 264033, 2106, 270891, 2160, 277749, 2214, 284607, 2268, 291465, 2322, 298323, 2376, 305181, 2430, 312039, 2484, 318897, 2538, 325755, 2592, 332613, 2646, 339471;
0, 3584, 56, 10752, 112, 17920, 168, 25088, 224, 32256, 280, 39424, 336, 46592, 392, 53760, 448, 60928, 504, 68096, 560, 75264, 616, 82432, 672, 89600, 728, 96768, 784, 103936, 840, 111104, 896, 118272, 952, 125440, 1008, 132608, 1064, 139776, 1120, 146944, 1176, 154112, 1232, 161280, 1288, 168448, 1344, 175616, 1400, 182784, 1456, 189952, 1512, 197120, 1568, 204288, 1624, 211456, 1680, 218624, 1736, 225792, 1792, 232960, 1848, 240128, 1904, 247296, 1960, 254464, 2016, 261632, 2072, 268800, 2128, 275968, 2184, 283136, 2240, 290304, 2296, 297472, 2352, 304640, 2408, 311808, 2464, 318976, 2520, 326144, 2576, 333312, 2632, 340480, 2688, 347648, 2744, 354816;
0, 3741, 58, 11223, 116, 18705, 174, 26187, 232, 33669, 290, 41151, 348, 48633, 406, 56115, 464, 63597, 522, 71079, 580, 78561, 638, 86043, 696, 93525, 754, 101007, 812, 108489, 870, 115971, 928, 123453, 986, 130935, 1044, 138417, 1102, 145899, 1160, 153381, 1218, 160863, 1276, 168345, 1334, 175827, 1392, 183309, 1450, 190791, 1508, 198273, 1566, 205755, 1624, 213237, 1682, 220719, 1740, 228201, 1798, 235683, 1856, 243165, 1914, 250647, 1972, 258129, 2030, 265611, 2088, 273093, 2146, 280575, 2204, 288057, 2262, 295539, 2320, 303021, 2378, 310503, 2436, 317985, 2494, 325467, 2552, 332949, 2610, 340431, 2668, 347913, 2726, 355395, 2784, 362877, 2842, 370359;
0, 3900, 60, 11700, 120, 19500, 180, 27300, 240, 35100, 300, 42900, 360, 50700, 420, 58500, 480, 66300, 540, 74100, 600, 81900, 660, 89700, 720, 97500, 780, 105300, 840, 113100, 900, 120900, 960, 128700, 1020, 136500, 1080, 144300, 1140, 152100, 1200, 159900, 1260, 167700, 1320, 175500, 1380, 183300, 1440, 191100, 1500, 198900, 1560, 206700, 1620, 214500, 1680, 222300, 1740, 230100, 1800, 237900, 1860, 245700, 1920, 253500, 1980, 261300, 2040, 269100, 2100, 276900, 2160, 284700, 2220, 292500, 2280, 300300, 2340, 308100, 2400, 315900, 2460, 323700, 2520, 331500, 2580, 339300, 2640, 347100, 2700, 354900, 2760, 362700, 2820, 370500, 2880, 378300, 2940, 386100;
0, 4061, 62, 12183, 124, 20305, 186, 28427, 248, 36549, 310, 44671, 372, 52793, 434, 60915, 496, 69037, 558, 77159, 620, 85281, 682, 93403, 744, 101525, 806, 109647, 868, 117769, 930, 125891, 992, 134013, 1054, 142135, 1116, 150257, 1178, 158379, 1240, 166501, 1302, 174623, 1364, 182745, 1426, 190867, 1488, 198989, 1550, 207111, 1612, 215233, 1674, 223355, 1736, 231477, 1798, 239599, 1860, 247721, 1922, 255843, 1984, 263965, 2046, 272087, 2108, 280209, 2170, 288331, 2232, 296453, 2294, 304575, 2356, 312697, 2418, 320819, 2480, 328941, 2542, 337063, 2604, 345185, 2666, 353307, 2728, 361429, 2790, 369551, 2852, 377673, 2914, 385795, 2976, 393917, 3038, 402039;
0, 4224, 64, 12672, 128, 21120, 192, 29568, 256, 38016, 320, 46464, 384, 54912, 448, 63360, 512, 71808, 576, 80256, 640, 88704, 704, 97152, 768, 105600, 832, 114048, 896, 122496, 960, 130944, 1024, 139392, 1088, 147840, 1152, 156288, 1216, 164736, 1280, 173184, 1344, 181632, 1408, 190080, 1472, 198528, 1536, 206976, 1600, 215424, 1664, 223872, 1728, 232320, 1792, 240768, 1856, 249216, 1920, 257664, 1984, 266112, 2048, 274560, 2112, 283008, 2176, 291456, 2240, 299904, 2304, 308352, 2368, 316800, 2432, 325248, 2496, 333696, 2560, 342144, 2624, 350592, 2688, 359040, 2752, 367488, 2816, 375936, 2880, 384384, 2944, 392832, 3008, 401280, 3072, 409728, 3136, 418176;
0, 4389, 66, 13167, 132, 21945, 198, 30723, 264, 39501, 330, 48279, 396, 57057, 462, 65835, 528, 74613, 594, 83391, 660, 92169, 726, 100947, 792, 109725, 858, 118503, 924, 127281, 990, 136059, 1056, 144837, 1122, 153615, 1188, 162393, 1254, 171171, 1320, 179949, 1386, 188727, 1452, 197505, 1518, 206283, 1584, 215061, 1650, 223839, 1716, 232617, 1782, 241395, 1848, 250173, 1914, 258951, 1980, 267729, 2046, 276507, 2112, 285285, 2178, 294063, 2244, 302841, 2310, 311619, 2376, 320397, 2442, 329175, 2508, 337953, 2574, 346731, 2640, 355509, 2706, 364287, 2772, 373065, 2838, 381843, 2904, 390621, 2970, 399399, 3036, 408177, 3102, 416955, 3168, 425733, 3234, 434511;
0, 4556, 68, 13668, 136, 22780, 204, 31892, 272, 41004, 340, 50116, 408, 59228, 476, 68340, 544, 77452, 612, 86564, 680, 95676, 748, 104788, 816, 113900, 884, 123012, 952, 132124, 1020, 141236, 1088, 150348, 1156, 159460, 1224, 168572, 1292, 177684, 1360, 186796, 1428, 195908, 1496, 205020, 1564, 214132, 1632, 223244, 1700, 232356, 1768, 241468, 1836, 250580, 1904, 259692, 1972, 268804, 2040, 277916, 2108, 287028, 2176, 296140, 2244, 305252, 2312, 314364, 2380, 323476, 2448, 332588, 2516, 341700, 2584, 350812, 2652, 359924, 2720, 369036, 2788, 378148, 2856, 387260, 2924, 396372, 2992, 405484, 3060, 414596, 3128, 423708, 3196, 432820, 3264, 441932, 3332, 451044;
0, 4725, 70, 14175, 140, 23625, 210, 33075, 280, 42525, 350, 51975, 420, 61425, 490, 70875, 560, 80325, 630, 89775, 700, 99225, 770, 108675, 840, 118125, 910, 127575, 980, 137025, 1050, 146475, 1120, 155925, 1190, 165375, 1260, 174825, 1330, 184275, 1400, 193725, 1470, 203175, 1540, 212625, 1610, 222075, 1680, 231525, 1750, 240975, 1820, 250425, 1890, 259875, 1960, 269325, 2030, 278775, 2100, 288225, 2170, 297675, 2240, 307125, 2310, 316575, 2380, 326025, 2450, 335475, 2520, 344925, 2590, 354375, 2660, 363825, 2730, 373275, 2800, 382725, 2870, 392175, 2940, 401625, 3010, 411075, 3080, 420525, 3150, 429975, 3220, 439425, 3290, 448875, 3360, 458325, 3430, 467775;
0, 4896, 72, 14688, 144, 24480, 216, 34272, 288, 44064, 360, 53856, 432, 63648, 504, 73440, 576, 83232, 648, 93024, 720, 102816, 792, 112608, 864, 122400, 936, 132192, 1008, 141984, 1080, 151776, 1152, 161568, 1224, 171360, 1296, 181152, 1368, 190944, 1440, 200736, 1512, 210528, 1584, 220320, 1656, 230112, 1728, 239904, 1800, 249696, 1872, 259488, 1944, 269280, 2016, 279072, 2088, 288864, 2160, 298656, 2232, 308448, 2304, 318240, 2376, 328032, 2448, 337824, 2520, 347616, 2592, 357408, 2664, 367200, 2736, 376992, 2808, 386784, 2880, 396576, 2952, 406368, 3024, 416160, 3096, 425952, 3168, 435744, 3240, 445536, 3312, 455328, 3384, 465120, 3456, 474912, 3528, 484704;
0, 5069, 74, 15207, 148, 25345, 222, 35483, 296, 45621, 370, 55759, 444, 65897, 518, 76035, 592, 86173, 666, 96311, 740, 106449, 814, 116587, 888, 126725, 962, 136863, 1036, 147001, 1110, 157139, 1184, 167277, 1258, 177415, 1332, 187553, 1406, 197691, 1480, 207829, 1554, 217967, 1628, 228105, 1702, 238243, 1776, 248381, 1850, 258519, 1924, 268657, 1998, 278795, 2072, 288933, 2146, 299071, 2220, 309209, 2294, 319347, 2368, 329485, 2442, 339623, 2516, 349761, 2590, 359899, 2664, 370037, 2738, 380175, 2812, 390313, 2886, 400451, 2960, 410589, 3034, 420727, 3108, 430865, 3182, 441003, 3256, 451141, 3330, 461279, 3404, 471417, 3478, 481555, 3552, 491693, 3626, 501831;
0, 5244, 76, 15732, 152, 26220, 228, 36708, 304, 47196, 380, 57684, 456, 68172, 532, 78660, 608, 89148, 684, 99636, 760, 110124, 836, 120612, 912, 131100, 988, 141588, 1064, 152076, 1140, 162564, 1216, 173052, 1292, 183540, 1368, 194028, 1444, 204516, 1520, 215004, 1596, 225492, 1672, 235980, 1748, 246468, 1824, 256956, 1900, 267444, 1976, 277932, 2052, 288420, 2128, 298908, 2204, 309396, 2280, 319884, 2356, 330372, 2432, 340860, 2508, 351348, 2584, 361836, 2660, 372324, 2736, 382812, 2812, 393300, 2888, 403788, 2964, 414276, 3040, 424764, 3116, 435252, 3192, 445740, 3268, 456228, 3344, 466716, 3420, 477204, 3496, 487692, 3572, 498180, 3648, 508668, 3724, 519156;
0, 5421, 78, 16263, 156, 27105, 234, 37947, 312, 48789, 390, 59631, 468, 70473, 546, 81315, 624, 92157, 702, 102999, 780, 113841, 858, 124683, 936, 135525, 1014, 146367, 1092, 157209, 1170, 168051, 1248, 178893, 1326, 189735, 1404, 200577, 1482, 211419, 1560, 222261, 1638, 233103, 1716, 243945, 1794, 254787, 1872, 265629, 1950, 276471, 2028, 287313, 2106, 298155, 2184, 308997, 2262, 319839, 2340, 330681, 2418, 341523, 2496, 352365, 2574, 363207, 2652, 374049, 2730, 384891, 2808, 395733, 2886, 406575, 2964, 417417, 3042, 428259, 3120, 439101, 3198, 449943, 3276, 460785, 3354, 471627, 3432, 482469, 3510, 493311, 3588, 504153, 3666, 514995, 3744, 525837, 3822, 536679;
0, 5600, 80, 16800, 160, 28000, 240, 39200, 320, 50400, 400, 61600, 480, 72800, 560, 84000, 640, 95200, 720, 106400, 800, 117600, 880, 128800, 960, 140000, 1040, 151200, 1120, 162400, 1200, 173600, 1280, 184800, 1360, 196000, 1440, 207200, 1520, 218400, 1600, 229600, 1680, 240800, 1760, 252000, 1840, 263200, 1920, 274400, 2000, 285600, 2080, 296800, 2160, 308000, 2240, 319200, 2320, 330400, 2400, 341600, 2480, 352800, 2560, 364000, 2640, 375200, 2720, 386400, 2800, 397600, 2880, 408800, 2960, 420000, 3040, 431200, 3120, 442400, 3200, 453600, 3280, 464800, 3360, 476000, 3440, 487200, 3520, 498400, 3600, 509600, 3680, 520800, 3760, 532000, 3840, 543200, 3920, 554400;
0, 5781, 82, 17343, 164, 28905, 246, 40467, 328, 52029, 410, 63591, 492, 75153, 574, 86715, 656, 98277, 738, 109839, 820, 121401, 902, 132963, 984, 144525, 1066, 156087, 1148, 167649, 1230, 179211, 1312, 190773, 1394, 202335, 1476, 213897, 1558, 225459, 1640, 237021, 1722, 248583, 1804, 260145, 1886, 271707, 1968, 283269, 2050, 294831, 2132, 306393, 2214, 317955, 2296, 329517, 2378, 341079, 2460, 352641, 2542, 364203, 2624, 375765, 2706, 387327, 2788, 398889, 2870, 410451, 2952, 422013, 3034, 433575, 3116, 445137, 3198, 456699, 3280, 468261, 3362, 479823, 3444, 491385, 3526, 502947, 3608, 514509, 3690, 526071, 3772, 537633, 3854, 549195, 3936, 560757, 4018, 572319;
0, 5964, 84, 17892, 168, 29820, 252, 41748, 336, 53676, 420, 65604, 504, 77532, 588, 89460, 672, 101388, 756, 113316, 840, 125244, 924, 137172, 1008, 149100, 1092, 161028, 1176, 172956, 1260, 184884, 1344, 196812, 1428, 208740, 1512, 220668, 1596, 232596, 1680, 244524, 1764, 256452, 1848, 268380, 1932, 280308, 2016, 292236, 2100, 304164, 2184, 316092, 2268, 328020, 2352, 339948, 2436, 351876, 2520, 363804, 2604, 375732, 2688, 387660, 2772, 399588, 2856, 411516, 2940, 423444, 3024, 435372, 3108, 447300, 3192, 459228, 3276, 471156, 3360, 483084, 3444, 495012, 3528, 506940, 3612, 518868, 3696, 530796, 3780, 542724, 3864, 554652, 3948, 566580, 4032, 578508, 4116, 590436;
0, 6149, 86, 18447, 172, 30745, 258, 43043, 344, 55341, 430, 67639, 516, 79937, 602, 92235, 688, 104533, 774, 116831, 860, 129129, 946, 141427, 1032, 153725, 1118, 166023, 1204, 178321, 1290, 190619, 1376, 202917, 1462, 215215, 1548, 227513, 1634, 239811, 1720, 252109, 1806, 264407, 1892, 276705, 1978, 289003, 2064, 301301, 2150, 313599, 2236, 325897, 2322, 338195, 2408, 350493, 2494, 362791, 2580, 375089, 2666, 387387, 2752, 399685, 2838, 411983, 2924, 424281, 3010, 436579, 3096, 448877, 3182, 461175, 3268, 473473, 3354, 485771, 3440, 498069, 3526, 510367, 3612, 522665, 3698, 534963, 3784, 547261, 3870, 559559, 3956, 571857, 4042, 584155, 4128, 596453, 4214, 608751;
0, 6336, 88, 19008, 176, 31680, 264, 44352, 352, 57024, 440, 69696, 528, 82368, 616, 95040, 704, 107712, 792, 120384, 880, 133056, 968, 145728, 1056, 158400, 1144, 171072, 1232, 183744, 1320, 196416, 1408, 209088, 1496, 221760, 1584, 234432, 1672, 247104, 1760, 259776, 1848, 272448, 1936, 285120, 2024, 297792, 2112, 310464, 2200, 323136, 2288, 335808, 2376, 348480, 2464, 361152, 2552, 373824, 2640, 386496, 2728, 399168, 2816, 411840, 2904, 424512, 2992, 437184, 3080, 449856, 3168, 462528, 3256, 475200, 3344, 487872, 3432, 500544, 3520, 513216, 3608, 525888, 3696, 538560, 3784, 551232, 3872, 563904, 3960, 576576, 4048, 589248, 4136, 601920, 4224, 614592, 4312, 627264;
0, 6525, 90, 19575, 180, 32625, 270, 45675, 360, 58725, 450, 71775, 540, 84825, 630, 97875, 720, 110925, 810, 123975, 900, 137025, 990, 150075, 1080, 163125, 1170, 176175, 1260, 189225, 1350, 202275, 1440, 215325, 1530, 228375, 1620, 241425, 1710, 254475, 1800, 267525, 1890, 280575, 1980, 293625, 2070, 306675, 2160, 319725, 2250, 332775, 2340, 345825, 2430, 358875, 2520, 371925, 2610, 384975, 2700, 398025, 2790, 411075, 2880, 424125, 2970, 437175, 3060, 450225, 3150, 463275, 3240, 476325, 3330, 489375, 3420, 502425, 3510, 515475, 3600, 528525, 3690, 541575, 3780, 554625, 3870, 567675, 3960, 580725, 4050, 593775, 4140, 606825, 4230, 619875, 4320, 632925, 4410, 645975;
0, 6716, 92, 20148, 184, 33580, 276, 47012, 368, 60444, 460, 73876, 552, 87308, 644, 100740, 736, 114172, 828, 127604, 920, 141036, 1012, 154468, 1104, 167900, 1196, 181332, 1288, 194764, 1380, 208196, 1472, 221628, 1564, 235060, 1656, 248492, 1748, 261924, 1840, 275356, 1932, 288788, 2024, 302220, 2116, 315652, 2208, 329084, 2300, 342516, 2392, 355948, 2484, 369380, 2576, 382812, 2668, 396244, 2760, 409676, 2852, 423108, 2944, 436540, 3036, 449972, 3128, 463404, 3220, 476836, 3312, 490268, 3404, 503700, 3496, 517132, 3588, 530564, 3680, 543996, 3772, 557428, 3864, 570860, 3956, 584292, 4048, 597724, 4140, 611156, 4232, 624588, 4324, 638020, 4416, 651452, 4508, 664884;
0, 6909, 94, 20727, 188, 34545, 282, 48363, 376, 62181, 470, 75999, 564, 89817, 658, 103635, 752, 117453, 846, 131271, 940, 145089, 1034, 158907, 1128, 172725, 1222, 186543, 1316, 200361, 1410, 214179, 1504, 227997, 1598, 241815, 1692, 255633, 1786, 269451, 1880, 283269, 1974, 297087, 2068, 310905, 2162, 324723, 2256, 338541, 2350, 352359, 2444, 366177, 2538, 379995, 2632, 393813, 2726, 407631, 2820, 421449, 2914, 435267, 3008, 449085, 3102, 462903, 3196, 476721, 3290, 490539, 3384, 504357, 3478, 518175, 3572, 531993, 3666, 545811, 3760, 559629, 3854, 573447, 3948, 587265, 4042, 601083, 4136, 614901, 4230, 628719, 4324, 642537, 4418, 656355, 4512, 670173, 4606, 683991;
0, 7104, 96, 21312, 192, 35520, 288, 49728, 384, 63936, 480, 78144, 576, 92352, 672, 106560, 768, 120768, 864, 134976, 960, 149184, 1056, 163392, 1152, 177600, 1248, 191808, 1344, 206016, 1440, 220224, 1536, 234432, 1632, 248640, 1728, 262848, 1824, 277056, 1920, 291264, 2016, 305472, 2112, 319680, 2208, 333888, 2304, 348096, 2400, 362304, 2496, 376512, 2592, 390720, 2688, 404928, 2784, 419136, 2880, 433344, 2976, 447552, 3072, 461760, 3168, 475968, 3264, 490176, 3360, 504384, 3456, 518592, 3552, 532800, 3648, 547008, 3744, 561216, 3840, 575424, 3936, 589632, 4032, 603840, 4128, 618048, 4224, 632256, 4320, 646464, 4416, 660672, 4512, 674880, 4608, 689088, 4704, 703296;
0, 7301, 98, 21903, 196, 36505, 294, 51107, 392, 65709, 490, 80311, 588, 94913, 686, 109515, 784, 124117, 882, 138719, 980, 153321, 1078, 167923, 1176, 182525, 1274, 197127, 1372, 211729, 1470, 226331, 1568, 240933, 1666, 255535, 1764, 270137, 1862, 284739, 1960, 299341, 2058, 313943, 2156, 328545, 2254, 343147, 2352, 357749, 2450, 372351, 2548, 386953, 2646, 401555, 2744, 416157, 2842, 430759, 2940, 445361, 3038, 459963, 3136, 474565, 3234, 489167, 3332, 503769, 3430, 518371, 3528, 532973, 3626, 547575, 3724, 562177, 3822, 576779, 3920, 591381, 4018, 605983, 4116, 620585, 4214, 635187, 4312, 649789, 4410, 664391, 4508, 678993, 4606, 693595, 4704, 708197, 4802, 722799;
0, 7500, 100, 22500, 200, 37500, 300, 52500, 400, 67500, 500, 82500, 600, 97500, 700, 112500, 800, 127500, 900, 142500, 1000, 157500, 1100, 172500, 1200, 187500, 1300, 202500, 1400, 217500, 1500, 232500, 1600, 247500, 1700, 262500, 1800, 277500, 1900, 292500, 2000, 307500, 2100, 322500, 2200, 337500, 2300, 352500, 2400, 367500, 2500, 382500, 2600, 397500, 2700, 412500, 2800, 427500, 2900, 442500, 3000, 457500, 3100, 472500, 3200, 487500, 3300, 502500, 3400, 517500, 3500, 532500, 3600, 547500, 3700, 562500, 3800, 577500, 3900, 592500, 4000, 607500, 4100, 622500, 4200, 637500, 4300, 652500, 4400, 667500, 4500, 682500, 4600, 697500, 4700, 712500, 4800, 727500, 4900, 742500;


