0, 0, 0, 0, 0, 0, 0, 0, 0, 0, 0, 0, 0, 0, 0, 0, 0, 0, 0, 0, 0, 0, 0, 0, 0, 0, 0, 0, 0, 0, 0, 0, 0, 0, 0, 0, 0, 0, 0, 0, 0, 0, 0, 0, 0, 0, 0, 0, 0, 0, 0, 0, 0, 0, 0, 0, 0, 0, 0, 0, 0, 0, 0, 0, 0, 0, 0, 0, 0, 0, 0, 0, 0, 0, 0, 0, 0, 0, 0, 0, 0, 0, 0, 0, 0, 0, 0, 0, 0, 0, 0, 0, 0, 0, 0, 0, 0, 0, 0, 0;
0, 1, 2, 3, 4, 5, 6, 7, 8, 9, 10, 11, 12, 13, 14, 15, 16, 17, 18, 19, 20, 21, 22, 23, 24, 25, 26, 27, 28, 29, 30, 31, 32, 33, 34, 35, 36, 37, 38, 39, 40, 41, 42, 43, 44, 45, 46, 47, 48, 49, 50, 51, 52, 53, 54, 55, 56, 57, 58, 59, 60, 61, 62, 63, 64, 65, 66, 67, 68, 69, 70, 71, 72, 73, 74, 75, 76, 77, 78, 79, 80, 81, 82, 83, 84, 85, 86, 87, 88, 89, 90, 91, 92, 93, 94, 95, 96, 97, 98, 99;
0, 2, 4, 6, 8, 10, 12, 14, 16, 18, 20, 22, 24, 26, 28, 30, 32, 34, 36, 38, 40, 42, 44, 46, 48, 50, 52, 54, 56, 58, 60, 62, 64, 66, 68, 70, 72, 74, 76, 78, 80, 82, 84, 86, 88, 90, 92, 94, 96, 98, 100, 102, 104, 106, 108, 110, 112, 114, 116, 118, 120, 122, 124, 126, 128, 130, 132, 134, 136, 138, 140, 142, 144, 146, 148, 150, 152, 154, 156, 158, 160, 162, 164, 166, 168, 170, 172, 174, 176, 178, 180, 182, 184, 186, 188, 190, 192, 194, 196, 198;
0, 3, 6, 9, 12, 15, 18, 21, 24, 27, 30, 33, 36, 39, 42, 45, 48, 51, 54, 57, 60, 63, 66, 69, 72, 75, 78, 81, 84, 87, 90, 93, 96, 99, 102, 105, 108, 111, 114, 117, 120, 123, 126, 129, 132, 135, 138, 141, 144, 147, 150, 153, 156, 159, 162, 165, 168, 171, 174, 177, 180, 183, 186, 189, 192, 195, 198, 201, 204, 207, 210, 213, 216, 219, 222, 225, 228, 231, 234, 237, 240, 243, 246, 249, 252, 255, 258, 261, 264, 267, 270, 273, 276, 279, 282, 285, 288, 291, 294, 297;
0, 4, 8, 12, 16, 20, 24, 28, 32, 36, 40, 44, 48, 52, 56, 60, 64, 68, 72, 76, 80, 84, 88, 92, 96, 100, 104, 108, 112, 116, 120, 124, 128, 132, 136, 140, 144, 148, 152, 156, 160, 164, 168, 172, 176, 180, 184, 188, 192, 196, 200, 204, 208, 212, 216, 220, 224, 228, 232, 236, 240, 244, 248, 252, 256, 260, 264, 268, 272, 276, 280, 284, 288, 292, 296, 300, 304, 308, 312, 316, 320, 324, 328, 332, 336, 340, 344, 348, 352, 356, 360, 364, 368, 372, 376, 380, 384, 388, 392, 396;
0, 5, 10, 15, 20, 25, 30, 35, 40, 45, 50, 55, 60, 65, 70, 75, 80, 85, 90, 95, 100, 105, 110, 115, 120, 125, 130, 135, 140, 145, 150, 155, 160, 165, 170, 175, 180, 185, 190, 195, 200, 205, 210, 215, 220, 225, 230, 235, 240, 245, 250, 255, 260, 265, 270, 275, 280, 285, 290, 295, 300, 305, 310, 315, 320, 325, 330, 335, 340, 345, 350, 355, 360, 365, 370, 375, 380, 385, 390, 395, 400, 405, 410, 415, 420, 425, 430, 435, 440, 445, 450, 455, 460, 465, 470, 475, 480, 485, 490, 495;
0, 6, 12, 18, 24, 30, 36, 42, 48, 54, 60, 66, 72, 78, 84, 90, 96, 102, 108, 114, 120, 126, 132, 138, 144, 150, 156, 162, 168, 174, 180, 186, 192, 198, 204, 210, 216, 222, 228, 234, 240, 246, 252, 258, 264, 270, 276, 282, 288, 294, 300, 306, 312, 318, 324, 330, 336, 342, 348, 354, 360, 366, 372, 378, 384, 390, 396, 402, 408, 414, 420, 426, 432, 438, 444, 450, 456, 462, 468, 474, 480, 486, 492, 498, 504, 510, 516, 522, 528, 534, 540, 546, 552, 558, 564, 570, 576, 582, 588, 594;
0, 7, 14, 21, 28, 35, 42, 49, 56, 63, 70, 77, 84, 91, 98, 105, 112, 119, 126, 133, 140, 147, 154, 161, 168, 175, 182, 189, 196, 203, 210, 217, 224, 231, 238, 245, 252, 259, 266, 273, 280, 287, 294, 301, 308, 315, 322, 329, 336, 343, 350, 357, 364, 371, 378, 385, 392, 399, 406, 413, 420, 427, 434, 441, 448, 455, 462, 469, 476, 483, 490, 497, 504, 511, 518, 525, 532, 539, 546, 553, 560, 567, 574, 581, 588, 595, 602, 609, 616, 623, 630, 637, 644, 651, 658, 665, 672, 679, 686, 693;
0, 8, 16, 24, 32, 40, 48, 56, 64, 72, 80, 88, 96, 104, 112, 120, 128, 136, 144, 152, 160, 168, 176, 184, 192, 200, 208, 216, 224, 232, 240, 248, 256, 264, 272, 280, 288, 296, 304, 312, 320, 328, 336, 344, 352, 360, 368, 376, 384, 392, 400, 408, 416, 424, 432, 440, 448, 456, 464, 472, 480, 488, 496, 504, 512, 520, 528, 536, 544, 552, 560, 568, 576, 584, 592, 600, 608, 616, 624, 632, 640, 648, 656, 664, 672, 680, 688, 696, 704, 712, 720, 728, 736, 744, 752, 760, 768, 776, 784, 792;
0, 9, 18, 27, 36, 45, 54, 63, 72, 81, 90, 99, 108, 117, 126, 135, 144, 153, 162, 171, 180, 189, 198, 207, 216, 225, 234, 243, 252, 261, 270, 279, 288, 297, 306, 315, 324, 333, 342, 351, 360, 369, 378, 387, 396, 405, 414, 423, 432, 441, 450, 459, 468, 477, 486, 495, 504, 513, 522, 531, 540, 549, 558, 567, 576, 585, 594, 603, 612, 621, 630, 639, 648, 657, 666, 675, 684, 693, 702, 711, 720, 729, 738, 747, 756, 765, 774, 783, 792, 801, 810, 819, 828, 837, 846, 855, 864, 873, 882, 891;
0, 10, 20, 30, 40, 50, 60, 70, 80, 90, 100, 110, 120, 130, 140, 150, 160, 170, 180, 190, 200, 210, 220, 230, 240, 250, 260, 270, 280, 290, 300, 310, 320, 330, 340, 350, 360, 370, 380, 390, 400, 410, 420, 430, 440, 450, 460, 470, 480, 490, 500, 510, 520, 530, 540, 550, 560, 570, 580, 590, 600, 610, 620, 630, 640, 650, 660, 670, 680, 690, 700, 710, 720, 730, 740, 750, 760, 770, 780, 790, 800, 810, 820, 830, 840, 850, 860, 870, 880, 890, 900, 910, 920, 930, 940, 950, 960, 970, 980, 990;
0, 11, 22, 33, 44, 55, 66, 77, 88, 99, 110, 121, 132, 143, 154, 165, 176, 187, 198, 209, 220, 231, 242, 253, 264, 275, 286, 297, 308, 319, 330, 341, 352, 363, 374, 385, 396, 407, 418, 429, 440, 451, 462, 473, 484, 495, 506, 517, 528, 539, 550, 561, 572, 583, 594, 605, 616, 627, 638, 649, 660, 671, 682, 693, 704, 715, 726, 737, 748, 759, 770, 781, 792, 803, 814, 825, 836, 847, 858, 869, 880, 891, 902, 913, 924, 935, 946, 957, 968, 979, 990, 1001, 1012, 1023, 1034, 1045, 1056, 1067, 1078, 1089;
0, 12, 24, 36, 48, 60, 72, 84, 96, 108, 120, 132, 144, 156, 168, 180, 192, 204, 216, 228, 240, 252, 264, 276, 288, 300, 312, 324, 336, 348, 360, 372, 384, 396, 408, 420, 432, 444, 456, 468, 480, 492, 504, 516, 528, 540, 552, 564, 576, 588, 600, 612, 624, 636, 648, 660, 672, 684, 696, 708, 720, 732, 744, 756, 768, 780, 792, 804, 816, 828, 840, 852, 864, 876, 888, 900, 912, 924, 936, 948, 960, 972, 984, 996, 1008, 1020, 1032, 1044, 1056, 1068, 1080, 1092, 1104, 1116, 1128, 1140, 1152, 1164, 1176, 1188;
0, 13, 26, 39, 52, 65, 78, 91, 104, 117, 130, 143, 156, 169, 182, 195, 208, 221, 234, 247, 260, 273, 286, 299, 312, 325, 338, 351, 364, 377, 390, 403, 416, 429, 442, 455, 468, 481, 494, 507, 520, 533, 546, 559, 572, 585, 598, 611, 624, 637, 650, 663, 676, 689, 702, 715, 728, 741, 754, 767, 780, 793, 806, 819, 832, 845, 858, 871, 884, 897, 910, 923, 936, 949, 962, 975, 988, 1001, 1014, 1027, 1040, 1053, 1066, 1079, 1092, 1105, 1118, 1131, 1144, 1157, 1170, 1183, 1196, 1209, 1222, 1235, 1248, 1261, 1274, 1287;
0, 14, 28, 42, 56, 70, 84, 98, 112, 126, 140, 154, 168, 182, 196, 210, 224, 238, 252, 266, 280, 294, 308, 322, 336, 350, 364, 378, 392, 406, 420, 434, 448, 462, 476, 490, 504, 518, 532, 546, 560, 574, 588, 602, 616, 630, 644, 658, 672, 686, 700, 714, 728, 742, 756, 770, 784, 798, 812, 826, 840, 854, 868, 882, 896, 910, 924, 938, 952, 966, 980, 994, 1008, 1022, 1036, 1050, 1064, 1078, 1092, 1106, 1120, 1134, 1148, 1162, 1176, 1190, 1204, 1218, 1232, 1246, 1260, 1274, 1288, 1302, 1316, 1330, 1344, 1358, 1372, 1386;
0, 15, 30, 45, 60, 75, 90, 105, 120, 135, 150, 165, 180, 195, 210, 225, 240, 255, 270, 285, 300, 315, 330, 345, 360, 375, 390, 405, 420, 435, 450, 465, 480, 495, 510, 525, 540, 555, 570, 585, 600, 615, 630, 645, 660, 675, 690, 705, 720, 735, 750, 765, 780, 795, 810, 825, 840, 855, 870, 885, 900, 915, 930, 945, 960, 975, 990, 1005, 1020, 1035, 1050, 1065, 1080, 1095, 1110, 1125, 1140, 1155, 1170, 1185, 1200, 1215, 1230, 1245, 1260, 1275, 1290, 1305, 1320, 1335, 1350, 1365, 1380, 1395, 1410, 1425, 1440, 1455, 1470, 1485;
0, 16, 32, 48, 64, 80, 96, 112, 128, 144, 160, 176, 192, 208, 224, 240, 256, 272, 288, 304, 320, 336, 352, 368, 384, 400, 416, 432, 448, 464, 480, 496, 512, 528, 544, 560, 576, 592, 608, 624, 640, 656, 672, 688, 704, 720, 736, 752, 768, 784, 800, 816, 832, 848, 864, 880, 896, 912, 928, 944, 960, 976, 992, 1008, 1024, 1040, 1056, 1072, 1088, 1104, 1120, 1136, 1152, 1168, 1184, 1200, 1216, 1232, 1248, 1264, 1280, 1296, 1312, 1328, 1344, 1360, 1376, 1392, 1408, 1424, 1440, 1456, 1472, 1488, 1504, 1520, 1536, 1552, 1568, 1584;
0, 17, 34, 51, 68, 85, 102, 119, 136, 153, 170, 187, 204, 221, 238, 255, 272, 289, 306, 323, 340, 357, 374, 391, 408, 425, 442, 459, 476, 493, 510, 527, 544, 561, 578, 595, 612, 629, 646, 663, 680, 697, 714, 731, 748, 765, 782, 799, 816, 833, 850, 867, 884, 901, 918, 935, 952, 969, 986, 1003, 1020, 1037, 1054, 1071, 1088, 1105, 1122, 1139, 1156, 1173, 1190, 1207, 1224, 1241, 1258, 1275, 1292, 1309, 1326, 1343, 1360, 1377, 1394, 1411, 1428, 1445, 1462, 1479, 1496, 1513, 1530, 1547, 1564, 1581, 1598, 1615, 1632, 1649, 1666, 1683;
0, 18, 36, 54, 72, 90, 108, 126, 144, 162, 180, 198, 216, 234, 252, 270, 288, 306, 324, 342, 360, 378, 396, 414, 432, 450, 468, 486, 504, 522, 540, 558, 576, 594, 612, 630, 648, 666, 684, 702, 720, 738, 756, 774, 792, 810, 828, 846, 864, 882, 900, 918, 936, 954, 972, 990, 1008, 1026, 1044, 1062, 1080, 1098, 1116, 1134, 1152, 1170, 1188, 1206, 1224, 1242, 1260, 1278, 1296, 1314, 1332, 1350, 1368, 1386, 1404, 1422, 1440, 1458, 1476, 1494, 1512, 1530, 1548, 1566, 1584, 1602, 1620, 1638, 1656, 1674, 1692, 1710, 1728, 1746, 1764, 1782;
0, 19, 38, 57, 76, 95, 114, 133, 152, 171, 190, 209, 228, 247, 266, 285, 304, 323, 342, 361, 380, 399, 418, 437, 456, 475, 494, 513, 532, 551, 570, 589, 608, 627, 646, 665, 684, 703, 722, 741, 760, 779, 798, 817, 836, 855, 874, 893, 912, 931, 950, 969, 988, 1007, 1026, 1045, 1064, 1083, 1102, 1121, 1140, 1159, 1178, 1197, 1216, 1235, 1254, 1273, 1292, 1311, 1330, 1349, 1368, 1387, 1406, 1425, 1444, 1463, 1482, 1501, 1520, 1539, 1558, 1577, 1596, 1615, 1634, 1653, 1672, 1691, 1710, 1729, 1748, 1767, 1786, 1805, 1824, 1843, 1862, 1881;
0, 20, 40, 60, 80, 100, 120, 140, 160, 180, 200, 220, 240, 260, 280, 300, 320, 340, 360, 380, 400, 420, 440, 460, 480, 500, 520, 540, 560, 580, 600, 620, 640, 660, 680, 700, 720, 740, 760, 780, 800, 820, 840, 860, 880, 900, 920, 940, 960, 980, 1000, 1020, 1040, 1060, 1080, 1100, 1120, 1140, 1160, 1180, 1200, 1220, 1240, 1260, 1280, 1300, 1320, 1340, 1360, 1380, 1400, 1420, 1440, 1460, 1480, 1500, 1520, 1540, 1560, 1580, 1600, 1620, 1640, 1660, 1680, 1700, 1720, 1740, 1760, 1780, 1800, 1820, 1840, 1860, 1880, 1900, 1920, 1940, 1960, 1980;
0, 21, 42, 63, 84, 105, 126, 147, 168, 189, 210, 231, 252, 273, 294, 315, 336, 357, 378, 399, 420, 441, 462, 483, 504, 525, 546, 567, 588, 609, 630, 651, 672, 693, 714, 735, 756, 777, 798, 819, 840, 861, 882, 903, 924, 945, 966, 987, 1008, 1029, 1050, 1071, 1092, 1113, 1134, 1155, 1176, 1197, 1218, 1239, 1260, 1281, 1302, 1323, 1344, 1365, 1386, 1407, 1428, 1449, 1470, 1491, 1512, 1533, 1554, 1575, 1596, 1617, 1638, 1659, 1680, 1701, 1722, 1743, 1764, 1785, 1806, 1827, 1848, 1869, 1890, 1911, 1932, 1953, 1974, 1995, 2016, 2037, 2058, 2079;
0, 22, 44, 66, 88, 110, 132, 154, 176, 198, 220, 242, 264, 286, 308, 330, 352, 374, 396, 418, 440, 462, 484, 506, 528, 550, 572, 594, 616, 638, 660, 682, 704, 726, 748, 770, 792, 814, 836, 858, 880, 902, 924, 946, 968, 990, 1012, 1034, 1056, 1078, 1100, 1122, 1144, 1166, 1188, 1210, 1232, 1254, 1276, 1298, 1320, 1342, 1364, 1386, 1408, 1430, 1452, 1474, 1496, 1518, 1540, 1562, 1584, 1606, 1628, 1650, 1672, 1694, 1716, 1738, 1760, 1782, 1804, 1826, 1848, 1870, 1892, 1914, 1936, 1958, 1980, 2002, 2024, 2046, 2068, 2090, 2112, 2134, 2156, 2178;
0, 23, 46, 69, 92, 115, 138, 161, 184, 207, 230, 253, 276, 299, 322, 345, 368, 391, 414, 437, 460, 483, 506, 529, 552, 575, 598, 621, 644, 667, 690, 713, 736, 759, 782, 805, 828, 851, 874, 897, 920, 943, 966, 989, 1012, 1035, 1058, 1081, 1104, 1127, 1150, 1173, 1196, 1219, 1242, 1265, 1288, 1311, 1334, 1357, 1380, 1403, 1426, 1449, 1472, 1495, 1518, 1541, 1564, 1587, 1610, 1633, 1656, 1679, 1702, 1725, 1748, 1771, 1794, 1817, 1840, 1863, 1886, 1909, 1932, 1955, 1978, 2001, 2024, 2047, 2070, 2093, 2116, 2139, 2162, 2185, 2208, 2231, 2254, 2277;
0, 24, 48, 72, 96, 120, 144, 168, 192, 216, 240, 264, 288, 312, 336, 360, 384, 408, 432, 456, 480, 504, 528, 552, 576, 600, 624, 648, 672, 696, 720, 744, 768, 792, 816, 840, 864, 888, 912, 936, 960, 984, 1008, 1032, 1056, 1080, 1104, 1128, 1152, 1176, 1200, 1224, 1248, 1272, 1296, 1320, 1344, 1368, 1392, 1416, 1440, 1464, 1488, 1512, 1536, 1560, 1584, 1608, 1632, 1656, 1680, 1704, 1728, 1752, 1776, 1800, 1824, 1848, 1872, 1896, 1920, 1944, 1968, 1992, 2016, 2040, 2064, 2088, 2112, 2136, 2160, 2184, 2208, 2232, 2256, 2280, 2304, 2328, 2352, 2376;
100, 99, 98, 97, 96, 95, 94, 93, 92, 91, 90, 89, 88, 87, 86, 85, 84, 83, 82, 81, 80, 79, 78, 77, 76, 75, 74, 73, 72, 71, 70, 69, 68, 67, 66, 65, 64, 63, 62, 61, 60, 59, 58, 57, 56, 55, 54, 53, 52, 51, 50, 49, 48, 47, 46, 45, 44, 43, 42, 41, 40, 39, 38, 37, 36, 35, 34, 33, 32, 31, 30, 29, 28, 27, 26, 25, 24, 23, 22, 21, 20, 19, 18, 17, 16, 15, 14, 13, 12, 11, 10, 9, 8, 7, 6, 5, 4, 3, 2, 1;
200, 198, 196, 194, 192, 190, 188, 186, 184, 182, 180, 178, 176, 174, 172, 170, 168, 166, 164, 162, 160, 158, 156, 154, 152, 150, 148, 146, 144, 142, 140, 138, 136, 134, 132, 130, 128, 126, 124, 122, 120, 118, 116, 114, 112, 110, 108, 106, 104, 102, 100, 98, 96, 94, 92, 90, 88, 86, 84, 82, 80, 78, 76, 74, 72, 70, 68, 66, 64, 62, 60, 58, 56, 54, 52, 50, 48, 46, 44, 42, 40, 38, 36, 34, 32, 30, 28, 26, 24, 22, 20, 18, 16, 14, 12, 10, 8, 6, 4, 2;
300, 297, 294, 291, 288, 285, 282, 279, 276, 273, 270, 267, 264, 261, 258, 255, 252, 249, 246, 243, 240, 237, 234, 231, 228, 225, 222, 219, 216, 213, 210, 207, 204, 201, 198, 195, 192, 189, 186, 183, 180, 177, 174, 171, 168, 165, 162, 159, 156, 153, 150, 147, 144, 141, 138, 135, 132, 129, 126, 123, 120, 117, 114, 111, 108, 105, 102, 99, 96, 93, 90, 87, 84, 81, 78, 75, 72, 69, 66, 63, 60, 57, 54, 51, 48, 45, 42, 39, 36, 33, 30, 27, 24, 21, 18, 15, 12, 9, 6, 3;
400, 396, 392, 388, 384, 380, 376, 372, 368, 364, 360, 356, 352, 348, 344, 340, 336, 332, 328, 324, 320, 316, 312, 308, 304, 300, 296, 292, 288, 284, 280, 276, 272, 268, 264, 260, 256, 252, 248, 244, 240, 236, 232, 228, 224, 220, 216, 212, 208, 204, 200, 196, 192, 188, 184, 180, 176, 172, 168, 164, 160, 156, 152, 148, 144, 140, 136, 132, 128, 124, 120, 116, 112, 108, 104, 100, 96, 92, 88, 84, 80, 76, 72, 68, 64, 60, 56, 52, 48, 44, 40, 36, 32, 28, 24, 20, 16, 12, 8, 4;
500, 495, 490, 485, 480, 475, 470, 465, 460, 455, 450, 445, 440, 435, 430, 425, 420, 415, 410, 405, 400, 395, 390, 385, 380, 375, 370, 365, 360, 355, 350, 345, 340, 335, 330, 325, 320, 315, 310, 305, 300, 295, 290, 285, 280, 275, 270, 265, 260, 255, 250, 245, 240, 235, 230, 225, 220, 215, 210, 205, 200, 195, 190, 185, 180, 175, 170, 165, 160, 155, 150, 145, 140, 135, 130, 125, 120, 115, 110, 105, 100, 95, 90, 85, 80, 75, 70, 65, 60, 55, 50, 45, 40, 35, 30, 25, 20, 15, 10, 5;
600, 594, 588, 582, 576, 570, 564, 558, 552, 546, 540, 534, 528, 522, 516, 510, 504, 498, 492, 486, 480, 474, 468, 462, 456, 450, 444, 438, 432, 426, 420, 414, 408, 402, 396, 390, 384, 378, 372, 366, 360, 354, 348, 342, 336, 330, 324, 318, 312, 306, 300, 294, 288, 282, 276, 270, 264, 258, 252, 246, 240, 234, 228, 222, 216, 210, 204, 198, 192, 186, 180, 174, 168, 162, 156, 150, 144, 138, 132, 126, 120, 114, 108, 102, 96, 90, 84, 78, 72, 66, 60, 54, 48, 42, 36, 30, 24, 18, 12, 6;
700, 693, 686, 679, 672, 665, 658, 651, 644, 637, 630, 623, 616, 609, 602, 595, 588, 581, 574, 567, 560, 553, 546, 539, 532, 525, 518, 511, 504, 497, 490, 483, 476, 469, 462, 455, 448, 441, 434, 427, 420, 413, 406, 399, 392, 385, 378, 371, 364, 357, 350, 343, 336, 329, 322, 315, 308, 301, 294, 287, 280, 273, 266, 259, 252, 245, 238, 231, 224, 217, 210, 203, 196, 189, 182, 175, 168, 161, 154, 147, 140, 133, 126, 119, 112, 105, 98, 91, 84, 77, 70, 63, 56, 49, 42, 35, 28, 21, 14, 7;
800, 792, 784, 776, 768, 760, 752, 744, 736, 728, 720, 712, 704, 696, 688, 680, 672, 664, 656, 648, 640, 632, 624, 616, 608, 600, 592, 584, 576, 568, 560, 552, 544, 536, 528, 520, 512, 504, 496, 488, 480, 472, 464, 456, 448, 440, 432, 424, 416, 408, 400, 392, 384, 376, 368, 360, 352, 344, 336, 328, 320, 312, 304, 296, 288, 280, 272, 264, 256, 248, 240, 232, 224, 216, 208, 200, 192, 184, 176, 168, 160, 152, 144, 136, 128, 120, 112, 104, 96, 88, 80, 72, 64, 56, 48, 40, 32, 24, 16, 8;
900, 891, 882, 873, 864, 855, 846, 837, 828, 819, 810, 801, 792, 783, 774, 765, 756, 747, 738, 729, 720, 711, 702, 693, 684, 675, 666, 657, 648, 639, 630, 621, 612, 603, 594, 585, 576, 567, 558, 549, 540, 531, 522, 513, 504, 495, 486, 477, 468, 459, 450, 441, 432, 423, 414, 405, 396, 387, 378, 369, 360, 351, 342, 333, 324, 315, 306, 297, 288, 279, 270, 261, 252, 243, 234, 225, 216, 207, 198, 189, 180, 171, 162, 153, 144, 135, 126, 117, 108, 99, 90, 81, 72, 63, 54, 45, 36, 27, 18, 9;
1000, 990, 980, 970, 960, 950, 940, 930, 920, 910, 900, 890, 880, 870, 860, 850, 840, 830, 820, 810, 800, 790, 780, 770, 760, 750, 740, 730, 720, 710, 700, 690, 680, 670, 660, 650, 640, 630, 620, 610, 600, 590, 580, 570, 560, 550, 540, 530, 520, 510, 500, 490, 480, 470, 460, 450, 440, 430, 420, 410, 400, 390, 380, 370, 360, 350, 340, 330, 320, 310, 300, 290, 280, 270, 260, 250, 240, 230, 220, 210, 200, 190, 180, 170, 160, 150, 140, 130, 120, 110, 100, 90, 80, 70, 60, 50, 40, 30, 20, 10;
1100, 1089, 1078, 1067, 1056, 1045, 1034, 1023, 1012, 1001, 990, 979, 968, 957, 946, 935, 924, 913, 902, 891, 880, 869, 858, 847, 836, 825, 814, 803, 792, 781, 770, 759, 748, 737, 726, 715, 704, 693, 682, 671, 660, 649, 638, 627, 616, 605, 594, 583, 572, 561, 550, 539, 528, 517, 506, 495, 484, 473, 462, 451, 440, 429, 418, 407, 396, 385, 374, 363, 352, 341, 330, 319, 308, 297, 286, 275, 264, 253, 242, 231, 220, 209, 198, 187, 176, 165, 154, 143, 132, 121, 110, 99, 88, 77, 66, 55, 44, 33, 22, 11;
1200, 1188, 1176, 1164, 1152, 1140, 1128, 1116, 1104, 1092, 1080, 1068, 1056, 1044, 1032, 1020, 1008, 996, 984, 972, 960, 948, 936, 924, 912, 900, 888, 876, 864, 852, 840, 828, 816, 804, 792, 780, 768, 756, 744, 732, 720, 708, 696, 684, 672, 660, 648, 636, 624, 612, 600, 588, 576, 564, 552, 540, 528, 516, 504, 492, 480, 468, 456, 444, 432, 420, 408, 396, 384, 372, 360, 348, 336, 324, 312, 300, 288, 276, 264, 252, 240, 228, 216, 204, 192, 180, 168, 156, 144, 132, 120, 108, 96, 84, 72, 60, 48, 36, 24, 12;
1300, 1287, 1274, 1261, 1248, 1235, 1222, 1209, 1196, 1183, 1170, 1157, 1144, 1131, 1118, 1105, 1092, 1079, 1066, 1053, 1040, 1027, 1014, 1001, 988, 975, 962, 949, 936, 923, 910, 897, 884, 871, 858, 845, 832, 819, 806, 793, 780, 767, 754, 741, 728, 715, 702, 689, 676, 663, 650, 637, 624, 611, 598, 585, 572, 559, 546, 533, 520, 507, 494, 481, 468, 455, 442, 429, 416, 403, 390, 377, 364, 351, 338, 325, 312, 299, 286, 273, 260, 247, 234, 221, 208, 195, 182, 169, 156, 143, 130, 117, 104, 91, 78, 65, 52, 39, 26, 13;
1400, 1386, 1372, 1358, 1344, 1330, 1316, 1302, 1288, 1274, 1260, 1246, 1232, 1218, 1204, 1190, 1176, 1162, 1148, 1134, 1120, 1106, 1092, 1078, 1064, 1050, 1036, 1022, 1008, 994, 980, 966, 952, 938, 924, 910, 896, 882, 868, 854, 840, 826, 812, 798, 784, 770, 756, 742, 728, 714, 700, 686, 672, 658, 644, 630, 616, 602, 588, 574, 560, 546, 532, 518, 504, 490, 476, 462, 448, 434, 420, 406, 392, 378, 364, 350, 336, 322, 308, 294, 280, 266, 252, 238, 224, 210, 196, 182, 168, 154, 140, 126, 112, 98, 84, 70, 56, 42, 28, 14;
1500, 1485, 1470, 1455, 1440, 1425, 1410, 1395, 1380, 1365, 1350, 1335, 1320, 1305, 1290, 1275, 1260, 1245, 1230, 1215, 1200, 1185, 1170, 1155, 1140, 1125, 1110, 1095, 1080, 1065, 1050, 1035, 1020, 1005, 990, 975, 960, 945, 930, 915, 900, 885, 870, 855, 840, 825, 810, 795, 780, 765, 750, 735, 720, 705, 690, 675, 660, 645, 630, 615, 600, 585, 570, 555, 540, 525, 510, 495, 480, 465, 450, 435, 420, 405, 390, 375, 360, 345, 330, 315, 300, 285, 270, 255, 240, 225, 210, 195, 180, 165, 150, 135, 120, 105, 90, 75, 60, 45, 30, 15;
1600, 1584, 1568, 1552, 1536, 1520, 1504, 1488, 1472, 1456, 1440, 1424, 1408, 1392, 1376, 1360, 1344, 1328, 1312, 1296, 1280, 1264, 1248, 1232, 1216, 1200, 1184, 1168, 1152, 1136, 1120, 1104, 1088, 1072, 1056, 1040, 1024, 1008, 992, 976, 960, 944, 928, 912, 896, 880, 864, 848, 832, 816, 800, 784, 768, 752, 736, 720, 704, 688, 672, 656, 640, 624, 608, 592, 576, 560, 544, 528, 512, 496, 480, 464, 448, 432, 416, 400, 384, 368, 352, 336, 320, 304, 288, 272, 256, 240, 224, 208, 192, 176, 160, 144, 128, 112, 96, 80, 64, 48, 32, 16;
1700, 1683, 1666, 1649, 1632, 1615, 1598, 1581, 1564, 1547, 1530, 1513, 1496, 1479, 1462, 1445, 1428, 1411, 1394, 1377, 1360, 1343, 1326, 1309, 1292, 1275, 1258, 1241, 1224, 1207, 1190, 1173, 1156, 1139, 1122, 1105, 1088, 1071, 1054, 1037, 1020, 1003, 986, 969, 952, 935, 918, 901, 884, 867, 850, 833, 816, 799, 782, 765, 748, 731, 714, 697, 680, 663, 646, 629, 612, 595, 578, 561, 544, 527, 510, 493, 476, 459, 442, 425, 408, 391, 374, 357, 340, 323, 306, 289, 272, 255, 238, 221, 204, 187, 170, 153, 136, 119, 102, 85, 68, 51, 34, 17;
1800, 1782, 1764, 1746, 1728, 1710, 1692, 1674, 1656, 1638, 1620, 1602, 1584, 1566, 1548, 1530, 1512, 1494, 1476, 1458, 1440, 1422, 1404, 1386, 1368, 1350, 1332, 1314, 1296, 1278, 1260, 1242, 1224, 1206, 1188, 1170, 1152, 1134, 1116, 1098, 1080, 1062, 1044, 1026, 1008, 990, 972, 954, 936, 918, 900, 882, 864, 846, 828, 810, 792, 774, 756, 738, 720, 702, 684, 666, 648, 630, 612, 594, 576, 558, 540, 522, 504, 486, 468, 450, 432, 414, 396, 378, 360, 342, 324, 306, 288, 270, 252, 234, 216, 198, 180, 162, 144, 126, 108, 90, 72, 54, 36, 18;
1900, 1881, 1862, 1843, 1824, 1805, 1786, 1767, 1748, 1729, 1710, 1691, 1672, 1653, 1634, 1615, 1596, 1577, 1558, 1539, 1520, 1501, 1482, 1463, 1444, 1425, 1406, 1387, 1368, 1349, 1330, 1311, 1292, 1273, 1254, 1235, 1216, 1197, 1178, 1159, 1140, 1121, 1102, 1083, 1064, 1045, 1026, 1007, 988, 969, 950, 931, 912, 893, 874, 855, 836, 817, 798, 779, 760, 741, 722, 703, 684, 665, 646, 627, 608, 589, 570, 551, 532, 513, 494, 475, 456, 437, 418, 399, 380, 361, 342, 323, 304, 285, 266, 247, 228, 209, 190, 171, 152, 133, 114, 95, 76, 57, 38, 19;
2000, 1980, 1960, 1940, 1920, 1900, 1880, 1860, 1840, 1820, 1800, 1780, 1760, 1740, 1720, 1700, 1680, 1660, 1640, 1620, 1600, 1580, 1560, 1540, 1520, 1500, 1480, 1460, 1440, 1420, 1400, 1380, 1360, 1340, 1320, 1300, 1280, 1260, 1240, 1220, 1200, 1180, 1160, 1140, 1120, 1100, 1080, 1060, 1040, 1020, 1000, 980, 960, 940, 920, 900, 880, 860, 840, 820, 800, 780, 760, 740, 720, 700, 680, 660, 640, 620, 600, 580, 560, 540, 520, 500, 480, 460, 440, 420, 400, 380, 360, 340, 320, 300, 280, 260, 240, 220, 200, 180, 160, 140, 120, 100, 80, 60, 40, 20;
2100, 2079, 2058, 2037, 2016, 1995, 1974, 1953, 1932, 1911, 1890, 1869, 1848, 1827, 1806, 1785, 1764, 1743, 1722, 1701, 1680, 1659, 1638, 1617, 1596, 1575, 1554, 1533, 1512, 1491, 1470, 1449, 1428, 1407, 1386, 1365, 1344, 1323, 1302, 1281, 1260, 1239, 1218, 1197, 1176, 1155, 1134, 1113, 1092, 1071, 1050, 1029, 1008, 987, 966, 945, 924, 903, 882, 861, 840, 819, 798, 777, 756, 735, 714, 693, 672, 651, 630, 609, 588, 567, 546, 525, 504, 483, 462, 441, 420, 399, 378, 357, 336, 315, 294, 273, 252, 231, 210, 189, 168, 147, 126, 105, 84, 63, 42, 21;
2200, 2178, 2156, 2134, 2112, 2090, 2068, 2046, 2024, 2002, 1980, 1958, 1936, 1914, 1892, 1870, 1848, 1826, 1804, 1782, 1760, 1738, 1716, 1694, 1672, 1650, 1628, 1606, 1584, 1562, 1540, 1518, 1496, 1474, 1452, 1430, 1408, 1386, 1364, 1342, 1320, 1298, 1276, 1254, 1232, 1210, 1188, 1166, 1144, 1122, 1100, 1078, 1056, 1034, 1012, 990, 968, 946, 924, 902, 880, 858, 836, 814, 792, 770, 748, 726, 704, 682, 660, 638, 616, 594, 572, 550, 528, 506, 484, 462, 440, 418, 396, 374, 352, 330, 308, 286, 264, 242, 220, 198, 176, 154, 132, 110, 88, 66, 44, 22;
2300, 2277, 2254, 2231, 2208, 2185, 2162, 2139, 2116, 2093, 2070, 2047, 2024, 2001, 1978, 1955, 1932, 1909, 1886, 1863, 1840, 1817, 1794, 1771, 1748, 1725, 1702, 1679, 1656, 1633, 1610, 1587, 1564, 1541, 1518, 1495, 1472, 1449, 1426, 1403, 1380, 1357, 1334, 1311, 1288, 1265, 1242, 1219, 1196, 1173, 1150, 1127, 1104, 1081, 1058, 1035, 1012, 989, 966, 943, 920, 897, 874, 851, 828, 805, 782, 759, 736, 713, 690, 667, 644, 621, 598, 575, 552, 529, 506, 483, 460, 437, 414, 391, 368, 345, 322, 299, 276, 253, 230, 207, 184, 161, 138, 115, 92, 69, 46, 23;
2400, 2376, 2352, 2328, 2304, 2280, 2256, 2232, 2208, 2184, 2160, 2136, 2112, 2088, 2064, 2040, 2016, 1992, 1968, 1944, 1920, 1896, 1872, 1848, 1824, 1800, 1776, 1752, 1728, 1704, 1680, 1656, 1632, 1608, 1584, 1560, 1536, 1512, 1488, 1464, 1440, 1416, 1392, 1368, 1344, 1320, 1296, 1272, 1248, 1224, 1200, 1176, 1152, 1128, 1104, 1080, 1056, 1032, 1008, 984, 960, 936, 912, 888, 864, 840, 816, 792, 768, 744, 720, 696, 672, 648, 624, 600, 576, 552, 528, 504, 480, 456, 432, 408, 384, 360, 336, 312, 288, 264, 240, 216, 192, 168, 144, 120, 96, 72, 48, 24;
2500, 2475, 2450, 2425, 2400, 2375, 2350, 2325, 2300, 2275, 2250, 2225, 2200, 2175, 2150, 2125, 2100, 2075, 2050, 2025, 2000, 1975, 1950, 1925, 1900, 1875, 1850, 1825, 1800, 1775, 1750, 1725, 1700, 1675, 1650, 1625, 1600, 1575, 1550, 1525, 1500, 1475, 1450, 1425, 1400, 1375, 1350, 1325, 1300, 1275, 1250, 1225, 1200, 1175, 1150, 1125, 1100, 1075, 1050, 1025, 1000, 975, 950, 925, 900, 875, 850, 825, 800, 775, 750, 725, 700, 675, 650, 625, 600, 575, 550, 525, 500, 475, 450, 425, 400, 375, 350, 325, 300, 275, 250, 225, 200, 175, 150, 125, 100, 75, 50, 25;


