TEST 0 PASSED
14.78
100, 0, 2, 4, 6, 8, 10, 12, 14, 16, 18, 20, 22, 24, 26, 28, 30, 32, 34, 36, 38, 40, 42, 44, 46, 48, 50, 52, 54, 56, 58, 60, 62, 64, 66, 68, 70, 72, 74, 76, 78, 80, 82, 84, 86, 88, 90, 92, 94, 96, 98, 101, 303, 505, 707, 909, 1111, 1313, 1515, 1717, 1919, 2121, 2323, 2525, 2727, 2929, 3131, 3333, 3535, 3737, 3939, 4141, 4343, 4545, 4747, 4949, 5151, 5353, 5555, 5757, 5959, 6161, 6363, 6565, 6767, 6969, 7171, 7373, 7575, 7777, 7979, 8181, 8383, 8585, 8787, 8989, 9191, 9393, 9595, 9797, 9999;
TEST 1 PASSED
14.77
100, 0, 4, 8, 12, 16, 20, 24, 28, 32, 36, 40, 44, 48, 52, 56, 60, 64, 68, 72, 76, 80, 84, 88, 92, 96, 100, 104, 108, 112, 116, 120, 124, 128, 132, 136, 140, 144, 148, 152, 156, 160, 164, 168, 172, 176, 180, 184, 188, 192, 196, 204, 612, 1020, 1428, 1836, 2244, 2652, 3060, 3468, 3876, 4284, 4692, 5100, 5508, 5916, 6324, 6732, 7140, 7548, 7956, 8364, 8772, 9180, 9588, 9996, 10404, 10812, 11220, 11628, 12036, 12444, 12852, 13260, 13668, 14076, 14484, 14892, 15300, 15708, 16116, 16524, 16932, 17340, 17748, 18156, 18564, 18972, 19380, 19788, 20196;
TEST 2 PASSED
14.78
100, 0, 6, 12, 18, 24, 30, 36, 42, 48, 54, 60, 66, 72, 78, 84, 90, 96, 102, 108, 114, 120, 126, 132, 138, 144, 150, 156, 162, 168, 174, 180, 186, 192, 198, 204, 210, 216, 222, 228, 234, 240, 246, 252, 258, 264, 270, 276, 282, 288, 294, 309, 927, 1545, 2163, 2781, 3399, 4017, 4635, 5253, 5871, 6489, 7107, 7725, 8343, 8961, 9579, 10197, 10815, 11433, 12051, 12669, 13287, 13905, 14523, 15141, 15759, 16377, 16995, 17613, 18231, 18849, 19467, 20085, 20703, 21321, 21939, 22557, 23175, 23793, 24411, 25029, 25647, 26265, 26883, 27501, 28119, 28737, 29355, 29973, 30591;
TEST 3 PASSED
14.78
100, 0, 8, 16, 24, 32, 40, 48, 56, 64, 72, 80, 88, 96, 104, 112, 120, 128, 136, 144, 152, 160, 168, 176, 184, 192, 200, 208, 216, 224, 232, 240, 248, 256, 264, 272, 280, 288, 296, 304, 312, 320, 328, 336, 344, 352, 360, 368, 376, 384, 392, 416, 1248, 2080, 2912, 3744, 4576, 5408, 6240, 7072, 7904, 8736, 9568, 10400, 11232, 12064, 12896, 13728, 14560, 15392, 16224, 17056, 17888, 18720, 19552, 20384, 21216, 22048, 22880, 23712, 24544, 25376, 26208, 27040, 27872, 28704, 29536, 30368, 31200, 32032, 32864, 33696, 34528, 35360, 36192, 37024, 37856, 38688, 39520, 40352, 41184;
TEST 4 PASSED
14.78
100, 0, 10, 20, 30, 40, 50, 60, 70, 80, 90, 100, 110, 120, 130, 140, 150, 160, 170, 180, 190, 200, 210, 220, 230, 240, 250, 260, 270, 280, 290, 300, 310, 320, 330, 340, 350, 360, 370, 380, 390, 400, 410, 420, 430, 440, 450, 460, 470, 480, 490, 525, 1575, 2625, 3675, 4725, 5775, 6825, 7875, 8925, 9975, 11025, 12075, 13125, 14175, 15225, 16275, 17325, 18375, 19425, 20475, 21525, 22575, 23625, 24675, 25725, 26775, 27825, 28875, 29925, 30975, 32025, 33075, 34125, 35175, 36225, 37275, 38325, 39375, 40425, 41475, 42525, 43575, 44625, 45675, 46725, 47775, 48825, 49875, 50925, 51975;
TEST 5 PASSED
14.78
100, 0, 12, 24, 36, 48, 60, 72, 84, 96, 108, 120, 132, 144, 156, 168, 180, 192, 204, 216, 228, 240, 252, 264, 276, 288, 300, 312, 324, 336, 348, 360, 372, 384, 396, 408, 420, 432, 444, 456, 468, 480, 492, 504, 516, 528, 540, 552, 564, 576, 588, 636, 1908, 3180, 4452, 5724, 6996, 8268, 9540, 10812, 12084, 13356, 14628, 15900, 17172, 18444, 19716, 20988, 22260, 23532, 24804, 26076, 27348, 28620, 29892, 31164, 32436, 33708, 34980, 36252, 37524, 38796, 40068, 41340, 42612, 43884, 45156, 46428, 47700, 48972, 50244, 51516, 52788, 54060, 55332, 56604, 57876, 59148, 60420, 61692, 62964;
TEST 6 PASSED
14.76
100, 0, 14, 28, 42, 56, 70, 84, 98, 112, 126, 140, 154, 168, 182, 196, 210, 224, 238, 252, 266, 280, 294, 308, 322, 336, 350, 364, 378, 392, 406, 420, 434, 448, 462, 476, 490, 504, 518, 532, 546, 560, 574, 588, 602, 616, 630, 644, 658, 672, 686, 749, 2247, 3745, 5243, 6741, 8239, 9737, 11235, 12733, 14231, 15729, 17227, 18725, 20223, 21721, 23219, 24717, 26215, 27713, 29211, 30709, 32207, 33705, 35203, 36701, 38199, 39697, 41195, 42693, 44191, 45689, 47187, 48685, 50183, 51681, 53179, 54677, 56175, 57673, 59171, 60669, 62167, 63665, 65163, 66661, 68159, 69657, 71155, 72653, 74151;
TEST 7 PASSED
14.72
100, 0, 16, 32, 48, 64, 80, 96, 112, 128, 144, 160, 176, 192, 208, 224, 240, 256, 272, 288, 304, 320, 336, 352, 368, 384, 400, 416, 432, 448, 464, 480, 496, 512, 528, 544, 560, 576, 592, 608, 624, 640, 656, 672, 688, 704, 720, 736, 752, 768, 784, 864, 2592, 4320, 6048, 7776, 9504, 11232, 12960, 14688, 16416, 18144, 19872, 21600, 23328, 25056, 26784, 28512, 30240, 31968, 33696, 35424, 37152, 38880, 40608, 42336, 44064, 45792, 47520, 49248, 50976, 52704, 54432, 56160, 57888, 59616, 61344, 63072, 64800, 66528, 68256, 69984, 71712, 73440, 75168, 76896, 78624, 80352, 82080, 83808, 85536;
TEST 8 PASSED
14.78
100, 0, 18, 36, 54, 72, 90, 108, 126, 144, 162, 180, 198, 216, 234, 252, 270, 288, 306, 324, 342, 360, 378, 396, 414, 432, 450, 468, 486, 504, 522, 540, 558, 576, 594, 612, 630, 648, 666, 684, 702, 720, 738, 756, 774, 792, 810, 828, 846, 864, 882, 981, 2943, 4905, 6867, 8829, 10791, 12753, 14715, 16677, 18639, 20601, 22563, 24525, 26487, 28449, 30411, 32373, 34335, 36297, 38259, 40221, 42183, 44145, 46107, 48069, 50031, 51993, 53955, 55917, 57879, 59841, 61803, 63765, 65727, 67689, 69651, 71613, 73575, 75537, 77499, 79461, 81423, 83385, 85347, 87309, 89271, 91233, 93195, 95157, 97119;
TEST 9 PASSED
14.76
100, 0, 20, 40, 60, 80, 100, 120, 140, 160, 180, 200, 220, 240, 260, 280, 300, 320, 340, 360, 380, 400, 420, 440, 460, 480, 500, 520, 540, 560, 580, 600, 620, 640, 660, 680, 700, 720, 740, 760, 780, 800, 820, 840, 860, 880, 900, 920, 940, 960, 980, 1100, 3300, 5500, 7700, 9900, 12100, 14300, 16500, 18700, 20900, 23100, 25300, 27500, 29700, 31900, 34100, 36300, 38500, 40700, 42900, 45100, 47300, 49500, 51700, 53900, 56100, 58300, 60500, 62700, 64900, 67100, 69300, 71500, 73700, 75900, 78100, 80300, 82500, 84700, 86900, 89100, 91300, 93500, 95700, 97900, 100100, 102300, 104500, 106700, 108900;
