TEST 0 PASSED
15.39
100, 7, 27, 31, 50, 56, 62, 64, 66, 73, 88, 108, 113, 129, 139, 140, 172, 178, 191, 196, 210, 211, 218, 224, 243, 249, 254, 259, 260, 274, 279, 283, 285, 323, 326, 343, 365, 376, 387, 399, 405, 412, 415, 429, 451, 453, 462, 470, 491, 495, 500, 520, 525, 559, 565, 573, 608, 618, 625, 636, 651, 653, 664, 664, 669, 683, 693, 713, 713, 721, 730, 731, 733, 773, 787, 798, 799, 800, 809, 818, 823, 831, 840, 842, 846, 854, 862, 894, 917, 918, 921, 921, 937, 940, 952, 965, 966, 968, 974, 978, 990;
TEST 1 PASSED
15.79
100, 51, 54, 74, 84, 120, 135, 139, 140, 148, 153, 166, 175, 185, 187, 209, 225, 227, 228, 229, 232, 241, 244, 253, 268, 272, 305, 328, 329, 336, 367, 372, 373, 374, 385, 389, 429, 441, 442, 450, 462, 474, 478, 479, 482, 486, 505, 508, 550, 552, 558, 558, 568, 571, 573, 589, 590, 591, 596, 610, 611, 614, 619, 625, 632, 637, 643, 670, 685, 710, 711, 716, 723, 726, 736, 741, 750, 752, 753, 753, 754, 770, 798, 806, 807, 817, 830, 832, 842, 842, 849, 855, 863, 866, 892, 911, 924, 937, 942, 976, 986;
TEST 2 PASSED
15.78
100, 1, 5, 42, 42, 47, 51, 57, 65, 75, 75, 76, 76, 97, 106, 121, 140, 177, 185, 197, 206, 208, 212, 221, 234, 249, 249, 251, 264, 325, 325, 333, 334, 342, 346, 369, 373, 384, 385, 387, 390, 395, 395, 408, 416, 417, 456, 468, 475, 486, 487, 510, 531, 532, 534, 563, 582, 608, 612, 630, 639, 649, 650, 654, 660, 661, 691, 697, 701, 713, 718, 730, 734, 747, 763, 766, 779, 782, 787, 794, 816, 819, 820, 829, 836, 840, 845, 867, 880, 882, 886, 931, 933, 945, 948, 955, 956, 958, 985, 990, 995;
TEST 3 PASSED
15.9
100, 10, 20, 41, 55, 57, 64, 69, 98, 102, 117, 120, 128, 154, 179, 181, 190, 191, 195, 202, 219, 220, 220, 239, 248, 259, 265, 291, 325, 333, 340, 350, 361, 361, 366, 367, 375, 375, 379, 382, 382, 382, 397, 399, 427, 441, 466, 469, 475, 490, 519, 523, 527, 537, 544, 577, 585, 590, 591, 599, 600, 605, 621, 626, 646, 658, 664, 665, 671, 674, 682, 709, 709, 718, 731, 732, 759, 762, 783, 788, 794, 803, 815, 817, 831, 843, 868, 871, 874, 892, 911, 914, 919, 929, 940, 955, 962, 963, 981, 993, 994;
TEST 4 PASSED
15.31
100, 18, 37, 52, 60, 62, 71, 73, 78, 80, 88, 96, 111, 116, 119, 119, 128, 132, 164, 169, 178, 184, 195, 210, 219, 232, 233, 249, 260, 268, 291, 292, 303, 323, 333, 339, 354, 394, 395, 399, 446, 449, 451, 453, 460, 464, 475, 478, 481, 487, 499, 500, 507, 523, 528, 569, 581, 595, 601, 622, 629, 641, 645, 648, 650, 654, 660, 665, 666, 682, 695, 700, 708, 711, 733, 736, 745, 747, 754, 759, 768, 769, 785, 789, 790, 793, 793, 801, 806, 824, 828, 834, 836, 840, 844, 846, 859, 873, 904, 917, 940;
TEST 5 PASSED
15.69
100, 1, 9, 11, 33, 46, 47, 59, 72, 75, 80, 85, 99, 100, 111, 128, 148, 152, 180, 190, 192, 207, 211, 212, 216, 220, 223, 225, 233, 254, 259, 328, 329, 341, 353, 353, 359, 364, 370, 378, 386, 389, 391, 398, 416, 419, 421, 422, 427, 434, 447, 449, 469, 475, 477, 489, 517, 527, 528, 537, 544, 559, 569, 600, 604, 607, 618, 626, 629, 634, 637, 655, 657, 658, 675, 687, 714, 722, 724, 732, 743, 751, 784, 792, 805, 806, 872, 892, 914, 926, 926, 931, 944, 951, 958, 961, 963, 972, 992, 999, 999;
TEST 6 PASSED
15.45
100, 3, 9, 10, 13, 18, 42, 60, 64, 70, 73, 81, 83, 87, 98, 143, 151, 151, 167, 190, 195, 200, 210, 211, 222, 248, 255, 258, 261, 269, 272, 290, 310, 312, 318, 327, 331, 343, 356, 369, 390, 392, 392, 415, 452, 463, 464, 490, 491, 510, 514, 524, 544, 554, 557, 564, 598, 623, 626, 650, 660, 685, 695, 696, 706, 707, 721, 754, 763, 764, 764, 766, 769, 770, 775, 780, 781, 792, 793, 795, 811, 826, 837, 839, 841, 844, 847, 894, 919, 923, 923, 927, 930, 950, 956, 960, 971, 976, 980, 986, 1000;
TEST 7 PASSED
15.56
100, 5, 20, 42, 46, 58, 62, 65, 83, 91, 92, 94, 100, 103, 123, 144, 147, 161, 171, 171, 173, 185, 193, 197, 201, 231, 233, 239, 253, 281, 283, 285, 300, 305, 318, 318, 327, 328, 336, 345, 381, 391, 402, 402, 410, 429, 456, 498, 498, 530, 532, 553, 557, 562, 576, 579, 593, 616, 626, 636, 642, 645, 660, 667, 677, 677, 689, 707, 711, 728, 738, 747, 750, 750, 757, 758, 760, 777, 784, 785, 803, 837, 837, 841, 857, 860, 866, 867, 869, 869, 882, 889, 891, 901, 915, 915, 929, 953, 957, 965, 988;
TEST 8 PASSED
15.6
100, 1, 19, 19, 26, 32, 40, 62, 63, 65, 69, 106, 118, 126, 135, 153, 159, 163, 167, 182, 183, 202, 232, 232, 253, 262, 266, 272, 292, 294, 303, 306, 321, 343, 399, 402, 405, 415, 416, 437, 449, 455, 465, 473, 493, 499, 505, 523, 530, 534, 550, 569, 584, 585, 588, 589, 630, 642, 657, 667, 676, 685, 705, 706, 706, 714, 718, 743, 760, 764, 767, 805, 810, 813, 817, 817, 837, 838, 840, 844, 850, 861, 863, 864, 880, 880, 896, 902, 923, 925, 926, 932, 932, 940, 952, 956, 958, 973, 984, 987, 991;
TEST 9 PASSED
15.59
100, 5, 16, 23, 41, 42, 74, 83, 90, 106, 119, 141, 143, 146, 148, 170, 179, 211, 222, 223, 226, 244, 266, 276, 291, 293, 302, 306, 317, 325, 325, 339, 353, 358, 362, 370, 371, 371, 380, 391, 402, 405, 406, 412, 436, 438, 441, 445, 450, 464, 472, 476, 482, 504, 507, 513, 526, 528, 538, 563, 568, 574, 576, 582, 587, 595, 623, 636, 636, 638, 648, 659, 692, 704, 709, 716, 725, 725, 735, 750, 768, 769, 779, 779, 793, 809, 832, 837, 855, 883, 893, 900, 933, 962, 966, 969, 970, 972, 980, 987, 999;
