TEST 0 PASSED
17.76
100, 4, 18, 39, 49, 75, 75, 78, 90, 103, 104, 104, 105, 109, 118, 128, 129, 139, 144, 152, 154, 164, 169, 178, 178, 189, 219, 225, 239, 244, 250, 257, 269, 277, 283, 287, 349, 353, 355, 363, 381, 396, 403, 403, 407, 411, 427, 431, 433, 436, 439, 444, 457, 487, 501, 506, 510, 520, 523, 524, 527, 546, 573, 588, 597, 604, 632, 633, 647, 651, 662, 668, 674, 690, 693, 709, 723, 727, 748, 753, 762, 794, 799, 811, 814, 815, 818, 826, 828, 837, 844, 852, 857, 861, 901, 902, 937, 945, 946, 957, 982;
TEST 1 PASSED
17.52
100, 2, 6, 8, 15, 28, 46, 53, 57, 60, 62, 68, 71, 98, 111, 113, 114, 146, 153, 161, 163, 170, 176, 180, 194, 194, 214, 239, 240, 268, 277, 283, 299, 305, 312, 314, 328, 330, 336, 347, 365, 370, 388, 395, 397, 403, 432, 432, 466, 475, 480, 504, 530, 542, 548, 553, 554, 567, 578, 583, 594, 595, 602, 606, 623, 633, 686, 688, 693, 700, 703, 707, 753, 755, 777, 781, 783, 784, 794, 799, 808, 832, 834, 841, 841, 861, 862, 873, 874, 891, 896, 907, 916, 940, 946, 953, 966, 972, 982, 985, 993;
TEST 2 PASSED
17.46
100, 1, 25, 33, 34, 38, 48, 49, 49, 50, 63, 69, 69, 75, 88, 89, 105, 114, 122, 136, 155, 181, 185, 202, 204, 212, 236, 241, 245, 248, 249, 281, 304, 306, 311, 317, 319, 326, 366, 367, 370, 378, 391, 397, 398, 434, 438, 441, 442, 450, 452, 453, 460, 460, 489, 505, 507, 507, 530, 543, 553, 555, 560, 574, 585, 585, 589, 592, 607, 609, 613, 615, 618, 642, 652, 652, 694, 699, 703, 720, 735, 760, 772, 800, 801, 803, 829, 838, 863, 873, 877, 886, 916, 924, 926, 927, 937, 944, 963, 996, 998;
TEST 3 PASSED
17.7
100, 2, 22, 27, 27, 35, 63, 93, 113, 120, 144, 166, 169, 175, 185, 234, 239, 254, 274, 277, 283, 313, 317, 328, 332, 338, 346, 361, 362, 363, 365, 374, 383, 400, 406, 412, 438, 444, 450, 461, 465, 470, 490, 490, 493, 495, 503, 525, 546, 547, 551, 559, 561, 563, 578, 601, 603, 614, 626, 646, 649, 659, 661, 671, 689, 695, 705, 712, 717, 733, 740, 746, 750, 755, 773, 774, 793, 807, 812, 830, 840, 848, 854, 862, 870, 873, 879, 882, 882, 913, 923, 925, 932, 936, 971, 975, 980, 984, 986, 992, 1000;
TEST 4 PASSED
16.99
100, 1, 8, 18, 27, 28, 29, 30, 55, 74, 80, 96, 108, 112, 166, 180, 181, 202, 204, 218, 221, 227, 232, 237, 241, 259, 261, 264, 288, 290, 297, 299, 300, 300, 319, 328, 331, 338, 345, 365, 376, 395, 397, 400, 404, 409, 412, 416, 417, 420, 470, 474, 484, 491, 511, 520, 530, 551, 553, 553, 556, 564, 566, 573, 596, 606, 643, 648, 650, 663, 676, 678, 679, 687, 711, 715, 720, 773, 780, 781, 792, 796, 798, 804, 807, 811, 823, 830, 837, 843, 855, 874, 877, 889, 891, 907, 930, 946, 950, 962, 984;
TEST 5 PASSED
17.49
100, 2, 13, 19, 22, 22, 51, 52, 56, 64, 71, 87, 97, 98, 130, 131, 138, 147, 160, 168, 185, 191, 197, 199, 249, 252, 256, 267, 272, 274, 278, 286, 312, 320, 324, 350, 357, 362, 367, 369, 401, 407, 440, 445, 450, 451, 464, 476, 516, 520, 526, 527, 530, 535, 537, 546, 556, 561, 564, 583, 587, 600, 613, 616, 631, 673, 677, 685, 689, 721, 730, 735, 756, 759, 761, 772, 804, 806, 820, 820, 821, 843, 850, 851, 854, 856, 884, 886, 891, 892, 909, 915, 916, 918, 923, 931, 944, 944, 968, 980, 994;
TEST 6 PASSED
17.26
100, 9, 13, 15, 23, 24, 26, 50, 57, 64, 74, 75, 82, 83, 86, 90, 92, 106, 134, 162, 171, 176, 178, 178, 213, 244, 249, 264, 288, 312, 343, 349, 367, 382, 404, 405, 426, 438, 440, 441, 508, 511, 519, 522, 527, 541, 552, 553, 555, 557, 568, 583, 586, 609, 613, 634, 636, 636, 646, 661, 661, 665, 667, 706, 711, 722, 725, 725, 725, 727, 741, 742, 751, 755, 756, 757, 772, 775, 778, 789, 802, 819, 823, 837, 843, 848, 849, 852, 859, 881, 884, 893, 898, 902, 905, 907, 915, 946, 960, 986, 997;
TEST 7 PASSED
17.5
100, 7, 12, 14, 19, 34, 39, 50, 75, 82, 85, 94, 111, 113, 118, 118, 122, 134, 138, 141, 147, 158, 160, 163, 168, 169, 183, 188, 198, 200, 204, 213, 232, 241, 248, 256, 279, 298, 307, 308, 313, 316, 320, 320, 321, 339, 339, 344, 345, 347, 353, 373, 389, 430, 431, 432, 450, 466, 467, 467, 477, 482, 560, 564, 568, 571, 579, 599, 606, 621, 629, 635, 703, 703, 708, 719, 741, 747, 757, 762, 778, 795, 802, 806, 812, 820, 829, 849, 865, 870, 875, 879, 882, 882, 887, 896, 912, 943, 948, 949, 966;
TEST 8 PASSED
17.25
100, 16, 26, 38, 40, 40, 50, 63, 64, 64, 69, 69, 71, 103, 111, 117, 120, 128, 132, 143, 148, 161, 162, 171, 172, 186, 210, 221, 221, 253, 254, 272, 279, 286, 290, 302, 311, 337, 346, 348, 355, 361, 363, 374, 377, 400, 406, 409, 413, 429, 443, 462, 469, 486, 489, 512, 515, 528, 535, 542, 560, 564, 582, 604, 612, 642, 666, 667, 676, 687, 689, 702, 705, 710, 718, 726, 728, 740, 744, 756, 781, 788, 805, 805, 819, 828, 830, 847, 874, 890, 895, 897, 911, 924, 927, 944, 950, 961, 967, 981, 982;
TEST 9 PASSED
17.42
100, 4, 4, 5, 5, 16, 50, 63, 90, 142, 153, 172, 182, 192, 212, 215, 217, 220, 222, 225, 233, 237, 247, 247, 254, 264, 271, 274, 296, 327, 330, 331, 336, 343, 344, 345, 357, 362, 371, 386, 395, 399, 400, 419, 440, 444, 448, 460, 460, 499, 504, 511, 517, 519, 527, 528, 541, 565, 566, 586, 593, 596, 604, 622, 628, 638, 641, 652, 655, 677, 693, 716, 719, 722, 753, 761, 764, 766, 773, 777, 781, 791, 794, 795, 796, 808, 843, 849, 864, 868, 896, 905, 911, 915, 928, 934, 936, 983, 984, 994, 996;
