TEST 0 PASSED
10.09
100, 19, 21, 37, 60, 62, 63, 92, 96, 107, 112, 137, 139, 147, 150, 153, 153, 161, 170, 174, 183, 184, 188, 217, 221, 227, 253, 268, 280, 288, 294, 298, 346, 379, 385, 399, 426, 433, 435, 443, 448, 450, 451, 453, 462, 473, 476, 477, 482, 486, 486, 499, 518, 531, 533, 533, 538, 540, 541, 557, 595, 602, 616, 625, 635, 636, 642, 662, 702, 705, 705, 743, 755, 755, 758, 767, 779, 781, 823, 847, 848, 860, 863, 870, 872, 877, 890, 908, 919, 922, 933, 933, 934, 941, 942, 949, 961, 964, 966, 971, 976;
TEST 1 PASSED
11.51
100, 4, 6, 12, 14, 42, 45, 57, 69, 83, 87, 97, 109, 146, 146, 167, 172, 173, 174, 198, 201, 202, 216, 239, 261, 268, 268, 285, 301, 307, 314, 314, 315, 324, 325, 329, 330, 363, 385, 415, 429, 432, 434, 436, 461, 485, 485, 488, 489, 490, 503, 518, 521, 525, 526, 527, 538, 558, 559, 561, 566, 568, 579, 581, 585, 600, 609, 613, 625, 629, 631, 642, 684, 698, 706, 712, 742, 743, 750, 752, 766, 767, 802, 805, 818, 829, 835, 846, 853, 857, 885, 917, 943, 955, 955, 963, 972, 984, 987, 994, 1000;
TEST 2 PASSED
10.55
100, 12, 12, 15, 23, 28, 33, 44, 53, 92, 94, 112, 114, 130, 165, 166, 180, 188, 198, 202, 212, 213, 243, 246, 298, 301, 304, 316, 326, 338, 342, 355, 365, 372, 373, 378, 387, 399, 407, 407, 415, 418, 419, 431, 447, 469, 471, 474, 485, 505, 506, 523, 543, 545, 546, 575, 596, 609, 628, 637, 638, 639, 656, 670, 675, 679, 679, 718, 724, 725, 730, 733, 742, 767, 778, 790, 790, 809, 815, 816, 817, 817, 819, 826, 828, 836, 840, 866, 869, 911, 912, 918, 920, 924, 932, 945, 946, 951, 966, 971, 986;
TEST 3 PASSED
10.98
100, 6, 33, 37, 40, 67, 68, 73, 80, 80, 82, 91, 95, 98, 123, 125, 155, 158, 167, 177, 177, 195, 196, 206, 228, 233, 247, 248, 254, 262, 264, 287, 304, 322, 327, 337, 339, 342, 359, 364, 374, 379, 394, 412, 429, 430, 451, 453, 488, 501, 505, 509, 523, 578, 581, 589, 604, 609, 615, 662, 665, 677, 679, 685, 689, 691, 701, 703, 707, 709, 715, 723, 726, 727, 730, 732, 743, 756, 766, 770, 773, 800, 804, 818, 827, 836, 858, 880, 886, 887, 891, 893, 900, 908, 930, 938, 940, 964, 981, 987, 991;
TEST 4 PASSED
10.19
100, 6, 9, 17, 19, 25, 28, 28, 36, 47, 48, 59, 60, 64, 70, 84, 112, 116, 126, 142, 162, 194, 201, 202, 216, 218, 219, 228, 240, 254, 266, 273, 283, 328, 366, 386, 397, 409, 425, 445, 450, 459, 464, 475, 493, 505, 506, 524, 534, 558, 559, 568, 577, 577, 587, 604, 606, 615, 622, 631, 651, 660, 661, 664, 674, 681, 705, 707, 709, 726, 726, 743, 754, 759, 769, 771, 803, 806, 817, 822, 827, 830, 834, 841, 847, 848, 876, 906, 909, 930, 937, 946, 947, 948, 959, 962, 963, 974, 983, 988, 1000;
TEST 5 PASSED
10.13
100, 5, 11, 12, 25, 44, 51, 52, 55, 65, 76, 79, 83, 83, 96, 107, 111, 118, 175, 177, 182, 195, 202, 204, 220, 230, 234, 250, 291, 305, 315, 317, 346, 347, 360, 364, 365, 367, 380, 396, 411, 417, 424, 428, 438, 445, 460, 469, 471, 472, 479, 518, 519, 524, 566, 571, 573, 577, 578, 579, 595, 631, 634, 636, 637, 668, 689, 692, 694, 701, 710, 718, 731, 731, 738, 746, 756, 762, 773, 778, 783, 791, 804, 826, 834, 835, 854, 865, 873, 874, 883, 894, 901, 906, 926, 926, 932, 935, 967, 971, 986;
TEST 6 PASSED
10.63
100, 3, 28, 42, 52, 53, 66, 73, 76, 79, 80, 83, 88, 94, 113, 125, 154, 168, 179, 180, 188, 189, 190, 210, 219, 223, 224, 233, 234, 246, 272, 274, 279, 284, 302, 305, 313, 328, 329, 346, 349, 359, 371, 383, 394, 396, 424, 424, 427, 430, 446, 451, 453, 495, 504, 516, 520, 524, 535, 545, 546, 553, 559, 563, 566, 589, 591, 613, 622, 653, 655, 666, 667, 685, 687, 699, 700, 721, 741, 746, 750, 762, 766, 776, 820, 823, 825, 843, 848, 856, 863, 875, 875, 892, 912, 920, 932, 954, 971, 987, 992;
TEST 7 PASSED
11.35
100, 16, 21, 24, 33, 46, 50, 59, 71, 93, 102, 146, 154, 159, 167, 187, 190, 196, 218, 226, 240, 241, 246, 288, 291, 295, 316, 319, 331, 342, 353, 357, 358, 385, 405, 409, 419, 437, 441, 446, 447, 447, 460, 466, 479, 483, 492, 505, 513, 523, 525, 527, 529, 546, 560, 560, 561, 593, 596, 605, 607, 620, 627, 634, 639, 642, 660, 662, 666, 673, 674, 680, 688, 696, 709, 722, 732, 741, 755, 755, 763, 767, 773, 775, 775, 799, 807, 820, 832, 848, 855, 866, 875, 876, 891, 941, 952, 960, 968, 987, 987;
TEST 8 PASSED
11.07
100, 24, 30, 44, 52, 66, 80, 89, 129, 131, 132, 150, 153, 171, 179, 181, 192, 206, 232, 240, 240, 259, 270, 273, 280, 293, 295, 299, 302, 302, 304, 307, 323, 339, 347, 362, 362, 368, 409, 411, 412, 420, 421, 438, 440, 441, 452, 463, 486, 494, 495, 496, 512, 517, 529, 536, 537, 547, 548, 556, 577, 589, 607, 617, 626, 627, 645, 646, 656, 656, 673, 685, 686, 694, 694, 702, 711, 724, 728, 740, 752, 754, 764, 773, 784, 793, 812, 820, 830, 843, 852, 863, 896, 924, 926, 944, 945, 948, 960, 982, 1000;
TEST 9 PASSED
10.98
100, 7, 12, 26, 61, 75, 85, 102, 107, 111, 120, 125, 126, 128, 129, 144, 148, 152, 162, 174, 178, 197, 209, 218, 222, 231, 234, 255, 292, 293, 304, 314, 321, 341, 345, 348, 348, 352, 403, 408, 444, 461, 471, 475, 496, 500, 512, 517, 522, 522, 525, 544, 546, 546, 560, 563, 566, 576, 592, 595, 599, 600, 600, 610, 615, 626, 629, 643, 652, 656, 669, 679, 684, 697, 701, 712, 717, 720, 730, 733, 738, 741, 758, 770, 792, 793, 803, 838, 877, 877, 891, 893, 908, 919, 936, 943, 959, 962, 966, 971, 991;
